GaiaDR3_ID,BPRP0,BPRP0_err,G0,G0_err,parallax,parallax_error,dist_pc
1001659495247619584,0.6490954640995985,0.0141500360786645,10.169781557323448,0.0100041828152489,6.431464671680555,0.018118598,155.449661
1011379899590855936,0.6490663357064874,0.0142899805041429,11.95707304569593,0.010092516816608,2.265519627546107,0.01901203,441.430481
1011718858410506112,0.6524082738869195,0.0141642646296821,10.686344109193168,0.0100114060808312,5.251638788720514,0.02326246,190.468796
1015165483766460416,0.7673701099780806,0.0141453726085202,10.084193461919384,0.0100013635369489,6.9134458195581905,0.024098374,144.639725
101743656369506432,0.8018082008294756,0.0155944393667314,11.992976330398196,0.0109338696129676,3.946398510443808,0.015363796,253.240112
1019717221386280704,0.7465810703819451,0.0141881854653042,11.50555581968851,0.0100222126170665,4.369854769293436,0.01922775,228.910522
1019838545622461568,0.7906028903437986,0.0142729587658107,12.400783722714907,0.0100779647692972,2.9119141496627,0.012887712,343.488617
1023838809442456960,0.8334706506251162,0.0141493768818495,10.712741131581636,0.0100009910511228,8.181173280766506,0.012063485,122.260048
1023911858246714240,0.7390117056215891,0.0149019959870486,11.784319993306132,0.010488624795191,2.9764687442525912,0.014574636,335.893829
102554060862792064,0.7238726397015798,0.0166323742940649,11.318604982383889,0.0116064113101978,3.384281562103365,0.02025105,295.625183
1025549786973693312,0.8174750174856396,0.0141454060539379,9.829194696843023,0.0100007890598888,9.422914578216286,0.017633295,106.134613
1032197606073957888,0.6787550591051791,0.014149080222407,9.568765461583505,0.0100021863451565,10.200465090218934,0.013766679,98.0097198
1040685079925868544,0.7859648597066388,0.0142383001367197,11.218836017696216,0.0100618655730155,4.051850223295268,0.019743757,246.808182
1041031769687080960,1.30488376004536,0.0306525965761917,18.107094909626607,0.0100658030822179,7.0854780112378375,0.11288336,140.879364
104133857209010816,0.766616561542008,0.0204768706946434,10.631977174471295,0.0141733211598994,6.655674819598416,0.018803231,150.222412
1042071701528617856,0.8983100000000022,0.0170059124441231,17.173605,0.0100235955542242,28.60094611678374,0.07236077,34.9786072
1042183405038016768,1.836368588720991,0.0141807634814964,13.77569936925148,0.010001627254605,9.638902994494703,0.013967758,103.737083
1047912479093335040,1.0469859999999969,0.0223545905234085,18.03371,0.0100460960312764,21.642518637651104,0.09718029,46.1850739
1057879895596316416,1.8302929999999993,0.0141602565057273,11.484356,0.010004229278405,40.44108808163215,0.0146321,24.7260895
1058284412796260480,0.5813234999999999,0.0144014007199961,15.127092,0.0100045136780369,58.53937345965208,0.021830898,17.0815029
1059745354511870720,0.7547035346877051,0.0141592752363346,11.205021985153994,0.0100061604577174,4.536148436298764,0.012284156,220.413086
1062517807441017088,0.8092849897269913,0.0141583261662372,10.642749730979652,0.0100049298558616,7.224610547659187,0.011821178,138.400131
1064795548857565696,0.8595783859606639,0.01414712573495,9.519268589643978,0.0100005313516143,13.72051330259486,0.012238583,72.867218
1068487708903801344,0.7563665331591223,0.014154346695802,12.08626854034515,0.010003460980659,4.896368913301541,0.012793791,204.196518
1070290358217103104,1.8881811472874692,0.0141908688452905,13.572656404866375,0.0100018310182186,12.342342077107768,0.011582478,81.0163345
1080174624153818368,2.0634239999999995,0.014188919033349,13.594522,0.0100027122299176,18.39213142753035,0.012337135,54.3718109
1080255433962177664,1.0730942449561938,0.0141722225998397,11.73391645101801,0.010004397453807,7.384737289949622,0.01792732,135.383469
1080623048803799040,0.9354014751672854,0.014157062540406,11.323745917450337,0.0100028904213308,10.2319890028893,0.015619386,97.7938232
1080771899485613568,0.7833700855652997,0.0141524250138498,10.838363061770028,0.010002166203859,6.107856984259773,0.010642715,163.723938
1081768705559609088,0.7370690451658178,0.0146524533181419,12.098624292096444,0.0103218288758242,2.015730664428564,0.013909066,496.003662
1098327183172297984,0.7053881103682555,0.0141486421699206,10.804025310122409,0.0100027483848749,6.846825472976661,0.01612043,146.098892
1102617580623007104,0.8116671669104306,0.0141478392467194,10.956003171167868,0.0100021806427668,6.444023920213038,0.019095032,155.165283
1103408232563404416,2.510400268337629,0.0170197181236256,16.545044660335083,0.0100185032270535,6.16716462265749,0.061132777,162.405518
1103516053422089600,2.1452548249303276,0.0262977062954783,16.530979142542442,0.0169896915100911,4.816567742201094,0.06008894,208.579895
1104658583442099840,1.8951080000000005,0.0142102732688518,14.310418,0.0100023540757318,19.88113491077137,0.018973598,50.3190002
1107440107342952320,1.8099660860383897,0.0141692960989605,13.82958529996196,0.0100014717636375,13.784305783803076,0.014711714,72.5625992
1114998184630834560,0.7573404039485885,0.0141516185573266,11.576673791078536,0.0100041596328076,5.903028061270039,0.01484192,169.394424
1117334024067935872,1.220329999999997,0.0245047621086326,18.117529,0.0100553597551671,26.22988004603923,0.105597965,38.1371078
112624285998901760,0.8037554327122465,0.0141733636064443,9.929246274600397,0.0100076897784431,12.15371171143772,0.016434407,82.2711639
113134459394247808,0.8252092571350047,0.0162747513769931,11.566828965809972,0.0113791485981972,4.241379378350051,0.015776938,236.174896
1134665217835388032,0.9364214104955564,0.0141590595975258,11.406662463392236,0.0100021364227066,6.404725312890606,0.013174762,156.207123
1135760571936021504,0.8362712447181808,0.0141767912557786,11.19857594208873,0.0100082824801314,6.228446572803934,0.0135663245,160.580765
1143917573823748736,1.0905177521759186,0.0141522192012691,12.10958357982276,0.0100018971481423,8.613517745829553,0.010482077,116.073868
114603608791592576,0.9803300759540232,0.0187648316102982,11.808599721374636,0.0130344628292269,6.757775976411507,0.015656235,147.981476
1146814340286042624,0.8646565020446739,0.0141859088832523,13.015037562017548,0.0100114324392971,3.4409488571108815,0.012383422,290.539429
1151486233912047360,0.7626987172790398,0.0141600132639563,10.640468445358746,0.0100063126033255,4.628765436205217,0.013654781,216.095566
115243421480191104,0.6737270248357099,0.0156343125443562,11.129318248414954,0.0109533817863337,4.699976982219561,0.025868144,212.532562
1159108770069883136,0.9017864671213428,0.0141712523179259,10.285437396026005,0.0100182658568116,12.41774434559136,0.01714722,80.515213
1161626445538992128,1.018086243618199,0.0143608366671816,11.14109330560474,0.0101365511823551,9.783289161847891,0.019841343,102.208641
1164544274522054528,0.7823378604524179,0.014658111552827,11.226718738249293,0.0103199126728566,6.605590121637969,0.02065819,151.425827
1190767485108882560,0.8153402302742514,0.0149008582861619,11.668184222000932,0.0104774208812093,5.524538271740398,0.01406034,180.972046
1197110056591551872,2.3763260000000006,0.014353204741662,14.559293,0.0100050852813611,14.760324822693716,0.022782482,67.7992859
11987876495486464,0.9475114284281488,0.017455358082234,11.582330757941428,0.012174496677398,7.80965552530337,0.01809127,128.077576
1200562175208214656,2.1965948547959075,0.0506596273167014,18.579193129380076,0.0106340962345305,3.288822438495201,0.19308324,310.806702
1203639265875666304,0.7808750913099795,0.1211142246499067,16.00259039477863,0.0322438091855439,7.622967580044447,0.038922135,131.240479
1205517712770263936,0.970642640672144,0.0214320519215969,12.236574744528626,0.0148054169407662,5.047302007359368,0.010815618,198.16301
1206058191454956672,0.7448743921268169,0.0151941127609229,10.906205071157526,0.010680407155102,7.412293055105187,0.017774632,134.951004
1209321949986151168,2.153392337619804,0.0196241093781187,16.722748240634445,0.0107990592192628,4.36253625852526,0.059659258,229.537476
120936319027311744,0.9946650000000012,0.0253925453087598,17.850004,0.0100896814888157,20.82712817275423,0.13339745,48.0753059
1212160412268732928,1.597852162323691,0.0142150293921493,13.071649247151072,0.0100134422683266,12.124849258109304,0.014037404,82.4658813
1215318587620553728,1.9275447074649252,0.0142467855536813,13.958141460508052,0.0100164086688072,12.148297349267317,0.017556459,82.3074493
1218641827156754304,0.9471410716158288,0.0144886622347645,11.389699875314502,0.0102167616992353,7.34139806882628,0.016748397,136.164124
1220076277514554496,1.8189340780283152,0.0227138371610059,17.71457223623327,0.01150879193117,1.6258032263874045,0.08793591,625.891846
122124650578969088,0.9079549783863938,0.0244866536365807,11.260251878805969,0.0168440664739197,5.2013579055542705,0.018896103,192.161209
1227712107314688,1.9648959999999995,0.0143680364977126,13.919317,0.0100118009160007,22.240656477475447,0.020028178,44.9638939
1227847041582630784,1.9766687113133028,0.0142389717926964,13.32836022572929,0.0100030210764198,14.37288681667548,0.01401559,69.5752258
1232601982695903744,1.010104820558186,0.016290599437362,16.150823076078474,0.0101410366877404,0.8451769318429949,0.05742321,1185.66931
1233363566296984064,0.9421337361152078,0.0143685517342832,11.395137282796364,0.0101435519313006,7.096637714982724,0.02259498,140.85997
1235290529144033664,1.2755009969926172,0.0144662162381073,12.30434003541689,0.0101992672733008,8.228623864896372,0.01218478,121.494476
1235307193617100160,2.5835620000000006,0.0143265157577616,13.852091,0.0100169755727529,26.39145932886264,0.020134045,37.8901176
1238124314206289536,2.3135932300295665,0.0475284938185808,17.85737093097658,0.0110853772581736,8.006822878751835,0.123807065,124.83268
1239964724875149440,0.7320787312488922,0.0144852559565948,11.74772018270067,0.010216094778743,3.698974041337497,0.01637087,270.242065
1247080794191773440,0.7409115632032719,0.0143835070191156,11.80562169338349,0.0101434797478309,3.3973421890221394,0.018199403,294.118256
1248692648174081408,1.107445300219405,0.0141704271595845,11.675424072331989,0.0100105360340111,11.15416223708012,0.02184451,89.6559219
1260574417500339968,1.5376939655044362,0.0143192336901762,12.403439344510897,0.0101035055760596,10.38627992034313,0.012917363,96.2772446
1266610427099389824,0.5988781037661225,0.0146005489084593,10.812228820512033,0.0102880910606201,4.829463383074616,0.017873915,206.859726
1268836968209465728,0.6342444096821609,0.0143899934976766,11.183991252395217,0.0101552641177969,4.997990119375472,0.025729531,200.107315
1271803489239303552,2.2492289999999997,0.0142106239732052,14.271398,0.0100020825923461,15.499602906327103,0.018014412,64.5146561
1272292153436942848,0.708546127524143,0.0178370764863812,17.60440297485847,0.0100841396318582,6.162636378221496,0.08297696,162.377472
1273311636936994560,0.7391764329672929,0.0148125029301979,12.346946219397566,0.0104321541582262,2.033546447817835,0.011000305,491.985992
1274012030141161984,0.6635605400831642,0.0143192864498729,11.867982448246044,0.0101097055931638,2.514606190658351,0.013447877,397.406464
1277190924415180800,1.7367792214173898,0.0400932561926616,18.172944074330072,0.0106915468228652,1.2703133709285974,0.10490021,793.121521
1286024744429754752,1.5436960000000006,0.0141599830250377,11.22292,0.0100041435500965,19.135641330991454,0.020403707,52.2596436
1288752735858092288,0.8742094543153112,0.0143567528086357,10.943152158486152,0.0101361993127041,7.993911938380473,0.015151489,125.152946
1289054483080081280,0.7715503440812127,0.0143496695605179,11.62827841278469,0.0101254626287557,3.9833957016795383,0.015105789,251.249313
1304145898646755840,0.8222259238108526,0.0155713175196096,12.41803791982267,0.0109264635664528,3.9319948660534503,0.011223517,254.372406
1305342815835804160,0.7781989697219638,0.0144279955367432,12.018980162495469,0.0101817132956183,4.010578653201022,0.011660209,249.257034
1305866084588666752,0.6578479369936149,0.0143713366833767,11.069507526120974,0.0101444360912672,3.442747036983976,0.015173514,290.447296
1306720675704084736,0.9658722360823466,0.0143441388831109,12.38473958660768,0.0101244736992692,4.947353172348552,0.009659325,202.253571
1307526037908742144,1.8666892191227735,0.0180033394745018,16.677307437985156,0.0110678549585771,2.078403544037555,0.052185558,481.214752
1308358540009785344,0.9647441624383352,0.0142121629264945,11.51493349918607,0.0100410262466706,7.631138073763947,0.0126402145,131.096939
1308879811600386304,0.709874280836075,0.0142395696100346,12.036301831912018,0.010056603964339,3.947526487722154,0.010105997,253.412521
1311847049886226176,0.7488554149518218,0.0141963213951578,12.203009507014496,0.0100287815008932,2.803364529563751,0.010046297,356.670197
1316165347444922880,0.853194571773426,0.0152429659662135,12.20825104389645,0.0107062615255169,4.485137689032894,0.011235443,222.93132
1322709022177596032,0.7488097250060393,0.0143078593139232,11.475154293050275,0.0100988604833771,4.121374048161382,0.012873469,242.815002
1326648366181841792,0.7999283342728417,0.0141966550951105,10.815140803247631,0.0100302782258773,7.08199363106443,0.0100407805,141.179962
1327656961941776768,0.6647954934991293,0.0143288007989456,11.776987305982596,0.0101140722718349,2.884988839894985,0.011715552,346.274658
1328757431346007680,1.0280099705381456,0.0495380937509216,18.61791153451476,0.0119950971179132,2.319768353589464,0.14507778,435.289612
13300517283855232,0.7400082185033401,0.0159162603989646,10.541926681353836,0.0111418635941106,7.788328302345983,0.02068036,128.448868
1333600578204122368,0.8046904942507886,0.0141766423711264,11.963868434537222,0.0100114697945052,4.0990676351839825,0.010013232,244.06958
1333704443397322624,0.724449833541699,0.0143667418910172,12.239580143255203,0.0101361790053381,2.3219896206010273,0.010117577,430.809784
1338748491647110400,1.0446418637192147,0.0142036220933396,12.376696809865525,0.0100325445714277,7.25609260012527,0.0088411635,137.808044
1342058257866328576,0.8430695056198597,0.0141890490181599,12.30439754221324,0.0100195622512263,4.097668834949864,0.009939822,244.04155
1342299192648782592,0.7684306999999988,0.0141510520588846,8.238589,0.0100015353586171,17.48701754320047,0.013881659,57.1819954
134234323753650176,0.838952170790664,0.0150085458611628,10.3755277233749,0.0105472728564976,7.739460434083399,0.017015915,129.251617
1351705377185251200,2.5648796888637175,0.0155914848242391,15.801046192526568,0.0100153877877134,13.41870021862863,0.027589275,74.5269394
135817929735297408,0.7764675855626526,0.0238107056193143,11.139941394694754,0.0163933948923314,4.431347573896129,0.01623009,225.657227
1358228741016834688,0.6897538826808468,0.0142037861659072,12.15132977345082,0.0100288792348153,2.0838969150126085,0.00990268,479.251831
1366923129214557440,2.05964817002252,0.0189669920194553,16.9200129374038,0.0100434265398627,3.0322957673372715,0.05344108,330.486542
136881093056371584,2.5772889999999986,0.0148985987360448,14.924478,0.0100145651592401,16.516154839736256,0.027940743,60.5735207
1374750453708287744,0.7771008603297133,0.0142280025837956,11.536614600000346,0.0100492333389723,4.346143081316455,0.01308991,230.11319
137859658405173120,0.7070214144048095,0.0182654652202422,11.446402656090545,0.0126762223357103,2.935210406264422,0.022309901,340.918091
1382650199939627008,0.8459836631685876,0.0142842575997132,11.67087620033902,0.0100839210208,5.437534156200213,0.009173892,183.888474
1383605782919581824,0.6776711688225063,0.0141710536755926,9.729712533174231,0.0100113363800193,8.505187184236085,0.0120935645,117.567207
1387511523099435008,2.201073000000001,0.0144286448074465,15.30423,0.0100077207352113,15.083127775110812,0.021549985,66.3023529
1396220960861387264,2.3442289999999986,0.0144146405866471,14.541885,0.0100068793872129,15.416373072470057,0.016720764,64.8673782
1396221167019817600,2.073062999999999,0.0142544392065389,13.488074,0.0100051201768107,15.369096432446687,0.011447298,65.0503082
1396845685331366912,0.68340124998078,0.0142311816238977,12.14228469548386,0.010043456504513,3.272376521975544,0.009674227,305.534088
1403163242919207808,0.7736250822841707,0.0142497858617788,12.29586448407315,0.0100626158753231,3.6813684590237807,0.0102408845,271.53891
1403484953149374336,1.6635996577484164,0.01724599577529,17.01849578441525,0.0103341471807912,1.715854616010474,0.05695573,588.177856
1406378695954996352,0.9435166143329188,0.0141634436321523,11.0991719968733,0.0100034340490491,11.564037426935394,0.010247044,86.4958038
141063287394537600,0.8034025007132373,0.0144939199178632,12.147782685381946,0.0102130604965881,3.2739264157906964,0.013467444,305.676117
1413076336675651584,0.7648600106056882,0.0141654423691528,11.685004727283022,0.0100068443982279,4.132233955811797,0.010013915,241.890167
1414310156224711936,0.8028206976336085,0.0141529716056063,10.70960509547922,0.0100011595844676,6.945803294010919,0.010609358,143.925415
1416125866535219840,1.0965514646969288,0.0141596097112119,12.085801662580815,0.0100026215764543,7.09223456962341,0.010612696,140.996063
1416539695224097536,2.023637710819676,0.0146457451350683,15.637817900331047,0.0100105211127811,12.809409110060727,0.026349392,78.0645294
1418648318007942784,0.7668475694024998,0.0141687242931386,11.146626584161194,0.0100040185928963,5.427117342477394,0.013058685,184.361206
1419282667497618816,0.7868320516891288,0.0143024798672264,12.381218292452113,0.0100600705242519,3.066838822319015,0.0113393525,326.207336
1420262057480061696,1.3211331781364393,0.0141657290792291,12.104643020701332,0.0100022218130708,10.125642320776056,0.0097717885,98.7607803
1423516852416948224,0.7032446130929266,0.0141685541835456,10.857188536877285,0.0100088713907447,5.4487256078457165,0.01393248,183.495499
1432507490277805696,0.721641151294316,0.0141805109381385,11.545574727291076,0.0100162508368612,3.428137912820276,0.016118152,291.501221
1432680628999565824,2.2872597015902456,0.0144722223638841,14.501301180519864,0.0100069702211233,12.93754638948539,0.017611142,77.294342
1432937261884878976,1.377752666672671,0.0142282299701261,13.646147808728175,0.0100017212612047,7.016137561141238,0.0104186805,142.467102
1433868165980931456,1.00083526068618,0.0141794369826127,12.755179008913794,0.0100105787875183,4.20803836514735,0.013801676,237.561188
1434127483222283648,0.8811667218327172,0.0142090434867614,13.088521153816018,0.0100276011554139,3.6088608885678313,0.010460508,276.959564
1439076930518647168,2.324690602672182,0.018153552271074,16.79183263077083,0.0100315179109775,4.160210570891123,0.048491042,240.42923
1440273272185479424,0.9479273207958084,0.0141697803208527,12.24420208984962,0.0100038828630432,6.388670261797617,0.010026087,156.473831
1440909511460760960,0.9969234726909812,0.0141652224760792,12.84534974080674,0.0100032813430912,5.656946417749964,0.010691439,176.852188
1442468412789687424,0.7152630757287657,0.0147198707910012,15.514906522397084,0.0101248816742111,0.8606136036073396,0.033309363,1184.93152
1449216046929832704,0.8552797621293069,0.0142995653808265,12.727057148474634,0.0100935681414295,3.6155352499449913,0.01573169,276.613007
1450627407543088000,1.0149190291582249,0.0186633263167355,17.306334704614628,0.0103618353544285,0.9221654250806852,0.08014975,1308.74377
1454379594051863040,0.7365756312217222,0.0143093016444994,12.252128864488956,0.010102916906903,2.7373276945222416,0.01391119,365.835938
1454740062071816576,0.6872012039315909,0.0143294410898323,12.970452864169552,0.0101142041412376,2.245281281841162,0.014138617,445.371429
1458016709798909952,0.6073708199828626,0.014267157541576,9.919966648829249,0.0100787461662796,5.800318123135593,0.01511183,172.439789
1461674063428369920,0.8760640208641779,0.0142597812551148,12.421521141554082,0.0100672034606103,4.975067623674572,0.013918497,201.017838
1463509079616458496,1.185284124772865,0.0142682795301177,12.328487959917169,0.0100741825275083,8.058473400050216,0.013772855,124.07209
1464083849319019008,0.6907375357436777,0.014283515082236,11.965308989592646,0.0100800401178371,1.9749274566837056,0.015304328,505.595306
1469366865253120640,1.7070610000000013,0.0141599426536325,11.550214,0.0100034015785971,18.06059995908165,0.02124408,55.3764801
1471341794294205952,1.398644604753691,0.0182665929247221,17.429260140800636,0.0106017363450307,1.0157452064832886,0.07885735,1012.49567
1471613339306693632,2.2005350000000004,0.0144738497466882,15.6603,0.0100051738486451,15.25079698352852,0.029613357,65.5601959
1471864131036958848,0.8754748807949652,0.0142743424516341,12.440748498661566,0.0100832855465953,3.741605279010692,0.012076266,267.15274
1481594740223134464,0.6373133914871868,0.0142117439854023,11.052421820540898,0.0100355791309722,4.414681443144174,0.01663846,226.494232
1485400665363970304,2.0198459999999994,0.0141803725497154,13.712918,0.010003178884448,35.712496208551215,0.02774003,28.0004692
1487003684596934144,2.0756168611987555,0.0143678246318986,15.29859842490513,0.0100106728528759,13.168953802145616,0.023498764,75.9202576
1492696921446339840,0.7202261968543323,0.0142830703587992,12.914208393021958,0.0100817477778315,2.5565890426242253,0.012946666,390.988586
1501166322075894784,2.081090273719047,0.0145286010471817,15.588667159719922,0.0100217578868185,10.927503233709375,0.028497912,91.52565
1502700140796560512,0.8558152626417559,0.0141890103916723,11.804260898848293,0.0100253006695158,4.580949062142894,0.010861677,218.285858
1502876543693179648,1.7995451735722203,0.0144320510555736,15.36278048655807,0.0100178341591396,9.711318044193044,0.027018713,102.97628
1505858178709742464,1.4196660691257148,0.0141924191004962,12.802730211961716,0.0100212255690333,7.484345462205276,0.011488326,133.647018
1507712195832529536,2.2018129999999996,0.0145256380174048,15.544708,0.010008188810771,18.16010902649609,0.029044634,55.0552635
150804964714568320,0.9867940000000016,0.0149186655001899,15.338889,0.0100620107129092,15.59022037592926,0.03482487,64.1284409
1509560165639569152,1.4451358027268484,0.0144229957601315,12.287347475427325,0.0100098613124108,11.52111541738268,0.01047899,86.7969742
1513972471442530816,0.6506650640311548,0.0143338699043479,11.879885222810124,0.0101077675237695,2.5513453361191787,0.01694526,392.357269
1515403584609760384,0.7218357388270235,0.0143031027157036,12.15279642720223,0.0100971545381946,1.8098351028769537,0.016885433,552.169006
1518119898021707392,0.7976078988092529,0.0143109397431928,12.822663700146494,0.0100868548355622,2.4977661089819776,0.0154792,400.864319
1535676349938740352,1.9503914061695296,0.0166188471495803,16.307921846168913,0.0100326910551541,3.051302972683178,0.055149477,328.153015
1535676654880693248,0.7005083308264498,0.0141908866689049,12.050225634436003,0.0100176075669405,2.169507204073543,0.014260523,460.811493
1538857992992167936,2.2263744845148508,0.018106109419768,17.058037049109483,0.0100432189719762,4.071793503326381,0.068273865,246.105698
1539057245114779520,0.7619049030345361,0.014200799489468,12.926672582310534,0.0100280050396822,3.27196572424919,0.015164686,306.148285
1539145515283046400,0.8483313029376894,0.0141697141602328,10.308842598106144,0.0100170902176085,11.636731509419894,0.022783834,85.9423828
1543083691059006592,0.7372414816895688,0.0141746406294681,9.963603887537698,0.0100196058566141,9.86024491771959,0.014773369,101.436394
1544697121291502336,2.434609719902339,0.0154104464045876,16.028948629547084,0.010014741848149,9.993692169590751,0.035720233,100.092216
1549115852364163712,0.7085612615480374,0.014187788412773,11.881135177630512,0.0100251382215879,2.259528602660552,0.013559022,443.123566
1551712074193871872,1.3511310000000003,0.0141515564386617,10.4651375,0.0100014800233087,23.156122409070505,0.015981462,43.1805115
1561676329602924416,0.7483325443465485,0.0142299068743833,11.442187608933237,0.0100559890119591,4.32080216193177,0.013615174,231.674362
1564816328652857472,0.6692207068065699,0.0142364145286651,12.259956240121992,0.0100535106196953,2.6810685912155705,0.012047304,373.121155
1568172587897243264,2.4651560000000003,0.0142598480223042,13.964772,0.0100058110881974,20.03431272820375,0.017683126,49.9073753
1568473647925223424,2.437112000000001,0.0143497572068104,14.505273,0.0100051602163166,15.67810802614706,0.02008161,63.7839165
1580371772485289728,2.104284132945334,0.0142400553806229,14.035737772140118,0.0100057590635301,13.281662280984923,0.014780032,75.2972717
158113281064021120,2.198476598765817,0.0145594016902999,15.09637575890128,0.0100121340208792,13.90485878092849,0.03203758,71.9096375
1590760233223883904,0.650011120130441,0.014224010130222,10.755285800927163,0.0100484179473052,4.012083169362571,0.012562683,249.254211
1590771808158623104,0.7618907577521812,0.0143251551670577,11.822936086843756,0.0101122092194218,3.134898756744778,0.014320191,318.957855
1595068188499998976,2.566115999999999,0.0148341997330678,15.39337,0.0100139404892942,16.12201771573484,0.024497567,62.0356216
1595068188499999232,2.239355,0.0142256454867607,14.213697,0.0100055494197619,16.105598357575424,0.013966419,62.0916176
1597593491831016320,2.2931879472748027,0.0146237698984941,15.454537892009249,0.0100151770257263,13.093072407106682,0.023465168,76.3636398
159938504725939840,1.7561890000000009,0.0141877033358702,12.903948,0.010001770123919,16.1086097590175,0.017029746,62.0905304
1602387190729417216,2.0968128886277926,0.0395880489838164,18.475612348976583,0.0103874048580084,1.4783230563749188,0.12496447,689.073547
1605980635247840384,0.707532992348776,0.0141959704714756,11.73914729409972,0.0100250968950642,4.120984443645886,0.010960928,242.833374
1606495790804740608,1.308616810397354,0.0162859348236677,16.72396643923369,0.0102933643001585,1.0454273608147162,0.04766971,972.092163
1612014170944761472,0.9037101278691976,0.0141724594641139,11.673749275759798,0.01001137059381,6.36757863639005,0.012759737,157.056137
1615027451280577792,1.7296061635557154,0.0141721653911456,13.378167215606435,0.010008200992564,9.9218207790786,0.009577866,100.825623
1615029306706885504,0.701995309692002,0.0141705216983468,10.77785571633654,0.0100143800430119,5.125411375528788,0.013629725,195.124298
1616086585920054784,0.860492407939543,0.0141641372098351,11.833245900397818,0.0100071118980535,4.868503190942051,0.011458424,205.51329
1616254918574049536,1.1985926823119744,0.0141809267768696,13.044458560155322,0.0100097872240563,6.760731081207898,0.009877568,147.960922
1622951597221633408,2.3786190000000005,0.0142776842927108,14.185417,0.0100076588066915,22.560340841622523,0.013045874,44.3247147
1624593889636708224,0.8593274439937388,0.0141677837051385,11.598934974118787,0.0100039840311158,5.30916453675634,0.011775082,188.392029
1632564833542071296,0.8263380180490226,0.0142286869805566,13.026308915836996,0.0100389560700755,2.2696401363552985,0.010740208,440.06601
1636770701741220224,0.793439526326583,0.0141714995039363,11.935381390488311,0.0100083136013818,3.8522922161585136,0.010649361,259.406433
1639946061258413312,0.8400099093185661,0.0141747122049561,12.562331706906416,0.0100116167481706,4.812723527723071,0.012130984,207.798111
1640088860330592000,0.7002332786617728,0.0141785079751993,11.430821672794524,0.0100166504896835,4.10347629031712,0.016848708,244.039932
1640311751953809152,2.355730092684239,0.0188975870035258,17.056725206120735,0.0100314545513984,11.04061347436426,0.057676587,90.6226196
1642082309271554688,2.0962198343392875,0.0142379148134571,14.116298024924207,0.0100065510764178,11.27051201722906,0.013256869,88.7464066
1643190651351545856,1.8394261979197912,0.0149338096981743,15.609341450747497,0.0100248096067556,3.88034451656549,0.029208262,257.530182
1643729137171375360,0.8755175754076475,0.0141901149759708,12.995317467304195,0.010018294717622,3.496351124299678,0.011512205,286.345459
1644556760189709440,0.7512401709067585,0.0141848369879102,11.882673104952625,0.0100119557989567,4.673101867227116,0.010281415,214.060699
1646478569076109184,2.3432770000000005,0.0142154764083839,13.361853,0.0100054109234935,24.465721305885396,0.011425219,40.8672638
164698221843279232,1.918458193419768,0.0145919513325878,15.634512822295877,0.0100074043425627,13.629510561897794,0.03652157,73.3569565
1649392687206269952,0.6879982353830932,0.0141708198019051,11.589856765659226,0.0100115128110076,3.405105149779965,0.010324228,293.571686
1650995328483226880,0.7977791926112061,0.0141882176436292,12.761588329225765,0.0100185675257328,3.5929433946663862,0.011895738,278.35144
1652468330468302208,0.7381528587747966,0.0141583510100795,11.141967431170254,0.0100045225890279,4.758964933312826,0.012705896,210.092621
1654704256082183168,2.34126,0.0151380198144601,15.63888,0.0100115737698798,15.379520933317108,0.025910614,65.0334549
1659241356453516032,2.1272795,0.0141943344625893,12.984871,0.0100038733109695,18.725780309921927,0.012606272,53.4105263
1661632210128361088,2.423952,0.0143228793833494,14.067072,0.0100062966160196,21.236913413357566,0.01661708,47.0798073
1663605077585819648,0.6357688083071711,0.0278324548740049,15.36322141639328,0.0189739590805989,0.7225761572622208,0.023842026,1395.67871
1670177855017934848,0.6428108966885113,0.0160351465383931,16.417199202148268,0.0100478565165875,8.931705188254817,0.04106812,112.046021
16730924842529024,0.7867049628542837,0.0142257199963514,10.579927008939542,0.010032076522081,9.413365109403257,0.018584814,106.167007
1676319452092458752,2.3642939253480804,0.0143120316579438,14.53008569757781,0.0100069645423237,14.065022645818296,0.016960386,71.1105576
1676677927242991488,1.7756716115937636,0.0141815119913594,12.861869978323195,0.0100089035766296,11.861484261758958,0.0130796125,84.2854919
1676979704529682176,1.2405752369998475,0.0247939687079607,17.92503564405056,0.0101009325491989,2.1749846537037785,0.085313804,458.187103
1679860665512883584,0.93389135161018,0.0141854971401072,12.158198991332764,0.0100208115041386,6.066795360234953,0.012301753,164.902313
1684008160811375872,0.8079269689144241,0.0141737046760036,11.950379981775985,0.0100071835831434,5.622427072715668,0.012817283,177.956558
1685429215166956928,2.181923394043521,0.0142050218973206,13.682946927119463,0.0100067901440417,12.894134752100504,0.02630842,77.6035843
1685892762396628480,2.037960422242405,0.0146331908913204,15.272058741281494,0.0100088754005056,12.988951484052592,0.022534266,76.9717484
1688822479848263424,0.7393239677978503,0.0141795365422091,11.550741321047225,0.0100138292100443,3.0557921149566374,0.011326976,327.312286
1688865463880916096,1.3987965591292535,0.0205215830372805,17.291760240079856,0.0104214587441284,1.1929618159467703,0.06258142,884.848145
1689820767687047424,2.0140209999999996,0.0142267611137752,13.455503,0.010004393669531,18.4916430246008,0.012154904,54.0746651
1693818007850161024,0.6751621674373312,0.0141911180902344,11.396344223021922,0.0100245874263843,2.721830986268772,0.012628813,367.577332
1698452037044277632,0.6997631293520507,0.0141759217148836,12.10023860789048,0.0100086014635835,4.0790769702627765,0.01044719,245.052704
1698467120968386688,1.3765560000000008,0.0141586889959019,10.448405,0.0100012171417883,20.773662738048937,0.010918731,48.1500092
1700697858263432064,1.0486740438836717,0.0141610310987091,11.067238609259606,0.0100016340638045,13.93609483513955,0.012729473,71.7504425
1702466560155713024,0.8412798123958347,0.0141762594972825,11.917604108911172,0.0100079022233983,4.4745744121006155,0.009436023,223.444977
1704634075531987456,1.2196161032423285,0.0141697805217803,12.707553918784985,0.0100060839377586,6.501582628282524,0.010696732,153.7892
1706743935266038144,0.778131352961977,0.0160841052881628,13.973101822002416,0.0112288123937366,1.82367480841584,0.014249387,549.181213
1709564590612343936,0.7795968188380771,0.0145973388618232,11.893582783446108,0.0102754931821847,2.885209164239552,0.013457442,346.567596
1710292128008174336,0.7689417895470988,0.0141829659348353,12.819559704485863,0.0100111156175166,3.73308517388913,0.013240206,268.167633
171354974476449024,1.1274001439673194,0.0870333924660373,19.073481008693015,0.0103567318340782,14.414771247996816,0.28742546,69.9999695
1714595960117293440,0.8528215770382445,0.0141656389611691,12.20597318954764,0.0100059146847859,3.815349367642671,0.011006821,262.190277
1726544834012721280,1.5229910315659752,0.0141912914993247,13.600028626889964,0.0100029983836275,7.861781691365096,0.012046321,127.226456
1733730962838527616,0.757331176630498,0.0159256488095436,11.532117322909112,0.0111575905571939,4.465293444660711,0.028367406,223.899033
1742569597511965184,0.6683120424887053,0.0150519527193994,11.644711558168495,0.0105851806924331,3.62461141895116,0.022360234,275.913971
1752459532807704704,0.6925420000000004,0.0141529188711258,8.208568,0.0100029477132377,18.471665334926964,0.02251757,54.1251602
1755450371936889088,1.1068379242773143,0.0143513041865323,12.011209354127848,0.010126920298413,6.545369906859696,0.014177451,152.811096
176429285061830144,0.5706005055128726,0.0820413913182569,15.81168747421224,0.028605138093513,5.407516163941889,0.049855787,185.025925
1765461223443375744,1.8500953448417667,0.0141998542866461,12.78946212368076,0.0100044301180455,13.93253834542135,0.017585855,71.7803268
1779712062370587392,0.5936439427233952,0.0161773082473989,10.802415139972782,0.0113245217363213,4.335752646585099,0.019094897,230.966995
1781078720964232064,0.7461090428198156,0.0148899543159891,11.169930625387009,0.0104803056739156,5.148984608370574,0.01903776,194.331406
1787990525934491776,0.7198124999999997,0.0141500181782325,7.2311563,0.0100013470526959,29.910851813709016,0.02046099,33.43993
1791988556371996672,1.9091907487765856,0.0142540226814493,14.52306808180321,0.0100281699708102,7.486035751636472,0.022242254,133.551514
1800518563283501440,0.6936880308109302,0.0141577447065134,9.92244019808674,0.0100096491826117,7.619690110862189,0.016490333,131.272751
180974051953484032,1.0963820450351256,0.0141594602201615,11.245866330587685,0.0100030741972189,12.697005746211492,0.017967666,78.7535858
1814487033881578496,0.9801686725359536,0.0142708101851574,12.206183476103794,0.0100783341830592,5.102310916799,0.017995248,196.066147
1815749518048070784,1.1316704243619913,0.0141614622488532,11.34671151046395,0.0100110439270543,11.514417135933938,0.024901796,86.8913193
1816934070031522688,1.006120515094014,0.0142563687279831,14.890357194695346,0.0100110487707382,14.291198816208595,0.02650761,69.9941406
1818381061691903104,1.260768418183979,0.0141765519904194,12.542758934496756,0.010012314363158,7.279485012346719,0.011494539,137.358566
182846996995285504,0.7743789153821435,0.0164474840213649,11.54274924996734,0.0115015247377065,4.219203421395083,0.024277057,237.252563
1841813372462560896,1.2383695775544536,0.0141642163891003,12.351400725642767,0.0100069146744994,9.215405609195123,0.011556457,108.522118
1848170611255790848,0.7504391866244486,0.0141533329236042,10.359686407376971,0.0100068285249114,9.43871829582548,0.013856382,105.971138
184948992644740096,2.1412330000000015,0.0142618344567547,14.077159,0.0100042299265306,15.296795563983274,0.019531664,65.346611
1852390296368162816,0.8131286695709194,0.0141466426164968,10.037453758574951,0.0100017745184152,9.711330820866744,0.011424101,102.973633
187532192136604288,2.1017539999999997,0.0148536072783449,15.456312,0.0100176139293242,19.974431914101633,0.03968108,50.0313034
1878694772027897344,0.7676613173984068,0.0150752895941301,10.446346312172745,0.0106078979267064,5.128237243534352,0.016979462,195.049316
1887706880428475520,0.9144021633226704,0.0142589949110757,11.419935193369458,0.0100064297982087,7.900341031379021,0.018979652,126.56469
1890126871163145728,0.9867869999999996,0.0207902423257778,17.625065,0.010041790579746,24.04604437277587,0.09613773,41.5989189
1894633807980536064,1.3934779154201795,0.0141654782251092,12.410326007909257,0.0100025286363367,11.523056515114558,0.013897612,86.7977676
1900680194222903040,2.0989239356066585,0.0145689226837303,15.755635777708603,0.0100077151774617,11.26769593541583,0.035190213,88.7162018
1908222259872761472,1.7472790000000007,0.0141608547257321,12.933119,0.0100017631089297,25.882077537106262,0.015188481,38.6424294
1909775835441659648,0.9550153159275488,0.0142022721285444,11.537226988539556,0.0100245539520514,7.07222191224563,0.021395776,141.345871
1910671318943678208,1.9325150000000004,0.0141915354914301,13.914343,0.0100041624408447,17.91501423719214,0.031981554,55.792141
1913528159390363008,1.8431339999999992,0.0141633301340783,13.523091,0.0100033486255238,15.310808757992902,0.01722763,65.3111877
1924832753834364800,2.026630000000001,0.0141723835994374,12.941809,0.0100055420037478,16.52086545740689,0.028409485,60.5395775
1925785996050346880,2.4373609999999992,0.0142409810846334,14.165267,0.0100045429007957,25.50620565269657,0.018789846,39.2099457
1926568573456342272,0.8662006233027448,0.0141564164107943,11.351196452266018,0.0100079832278535,8.68318375457825,0.020456607,115.187637
1927174674942601472,0.8094571427483861,0.0160026474789826,11.999982166170646,0.0112095367476528,3.805367342245783,0.011565499,262.602783
1940477395548807808,2.007728933731341,0.0143654964107701,14.613451656692565,0.0100035353835893,11.907163183270688,0.019350171,84.0011826
1942899654023414400,1.4583502484038993,0.0141645969739642,12.239029958815197,0.0100025061070469,11.901432520118554,0.011511916,84.0215073
1946297900868982016,0.9313946243853588,0.0141464473190056,10.782347839322153,0.0100009396883485,12.397523046672692,0.013700371,80.6511536
195418301848601984,2.1211161526471054,0.0143390697386819,14.268583105178127,0.0100137996913119,11.677852062754724,0.026395084,85.636879
1958562506398582144,2.339547000000002,0.0142367532935366,14.320197,0.010004169905386,14.596674331211943,0.016709505,68.4943619
1959722731684306688,0.7482230581170038,0.0147566374456197,11.356794643715048,0.0103999382079804,6.192054203121751,0.015451657,161.588074
1964793988556886656,1.8506011224045589,0.0142879212231548,15.056512722947208,0.0100036472786541,12.96544084969448,0.022196801,77.1312637
196745167565310080,0.8509003546213629,0.0151250550096242,13.318095050354133,0.0106161725550359,2.438291975238364,0.018371826,409.902466
1975621223151771136,0.7379001264699907,0.0148088076477253,11.876861923207803,0.0104292822541681,4.038090365513025,0.010820473,247.827484
1976346557225351552,1.806236500000001,0.014158077043996,11.937216,0.0100014136318602,18.547717512180427,0.011092794,53.9180031
1977572066020448384,2.0475567055791832,0.0141991473602602,14.209184791045947,0.0100034374728744,9.952552714215395,0.016347487,100.466705
1989448165985657600,1.8301640009294635,0.0142716569721052,14.35751380564975,0.0100041495294543,10.41254717737946,0.017184852,96.034874
1990466622990057984,2.064268530344707,0.0143522223856212,15.179062698406716,0.01000853292597,10.389205236644631,0.02322508,96.2938232
199202266817443072,0.7463430265183812,0.0181146762346728,11.426872522815987,0.012598861480564,3.693344909784954,0.019620571,270.449371
2005352636053299968,2.0103375000000003,0.0143356026510003,15.103761,0.0100047055798316,16.700363563307427,0.022505501,59.8682213
2009220992823646464,1.8969890000000016,0.0141654088795631,13.37306,0.0100021639412178,21.871956718455326,0.011255736,45.7210121
200924965319168128,0.9090906203398698,0.0158367868353306,12.921091390915636,0.011093932146195,3.460187956454139,0.013770043,289.148621
2010095997926974464,0.8090077933440554,0.0204728029628517,12.278975324330409,0.0141584107845741,3.108153012221888,0.009881551,321.619629
2018145660017903360,0.6444051377352846,0.0244670829864434,11.756067190491862,0.0168361606214176,2.9628115644196704,0.015534398,337.38739
20284305905758336,1.111965999999999,0.0585550423733891,18.677092,0.0103166309410839,16.84488171313677,0.24887201,59.8432693
203732224662541696,0.7171871653236201,0.0354531735196337,11.523070754092826,0.0242051974481127,2.9925855971998616,0.017100355,333.502747
2040048962408506752,0.7198033245048744,0.0154873869896332,11.165768457710278,0.0108782755799441,4.79835923388441,0.016233403,208.486664
2051141862196057344,0.9015456735249348,0.0141572290342265,10.899135039736496,0.0100023987477239,10.683416812958116,0.011505703,93.5762863
2051843973391501696,1.994533277111785,0.0157745018754462,16.60505305724261,0.0102166109990758,3.05124291359753,0.042638097,327.918335
2056842593770045824,2.074399999999999,0.0141929863522985,13.909013,0.0100039998068517,23.2786495754674,0.014367007,42.9539528
2060275956294020608,2.197768999999999,0.014666171011807,16.039345,0.0100137478395535,16.204202961402675,0.034133736,61.7229233
2062010092278886528,2.263525683487644,0.0142402448120969,15.05767378758293,0.0100076655022945,13.628253513795991,0.022708787,73.3382797
206478942148242432,1.1732880920957665,0.0155958121105171,12.478971493132107,0.0109438890793965,7.63120684171834,0.013125722,131.056839
2072215999734625664,0.819244208914269,0.0141686978245465,11.45865384463283,0.0100084270949621,5.6417086847723565,0.018369414,177.343536
2078123327789112064,2.2809959503042982,0.0449692230684234,18.39938110118667,0.0106759245486187,3.314674470389902,0.1160684,307.190887
2078350449957264000,1.8405055795725156,0.0165407101924056,16.475027271870978,0.0106651997298912,3.634672002927747,0.041163128,276.408661
2078921371373191552,1.8943404945083744,0.014247354125526,14.25503929822544,0.0100038990489172,11.111349748380857,0.014347644,90.0121384
2079042798689108864,1.9572739999999984,0.014532563828608,15.313968,0.0100067608030971,16.540620333388876,0.024122054,60.4657249
2079902685497604480,0.729969369025744,0.0141527499924146,9.491156792158144,0.0100026550215974,10.024467001259108,0.011104538,99.7460632
2080169969901304704,1.9047594684159392,0.0345234204218501,17.865002040145704,0.0164094654161744,2.345704679087386,0.08550455,431.625305
2083737541547674496,1.8249657480596813,0.0143096489240845,14.753245186971158,0.0100040472111699,8.024339256601618,0.017671648,124.565231
2085051835892040832,2.1446510000000014,0.0142496058320621,14.019702,0.0100034274993123,22.818541560994426,0.012496901,43.8255348
2085188072253870208,0.9535930684753814,0.0191832705867599,14.174545059387592,0.0132542068113904,2.065245264568213,0.01464728,483.801819
2085504662883377024,2.3591148302781897,0.016222901675343,16.35343736583412,0.0100197726175012,6.0482537977905055,0.033131544,165.536774
2087410253970974464,0.8523076818066251,0.0141584917905193,11.342908103984088,0.0100028412770732,7.470446632408406,0.012466268,133.834686
2096229608532654720,0.7918018186660166,0.0142026252698552,11.276963457451544,0.010031007248919,4.8595954140488375,0.013006277,205.823807
2098661762613244160,1.5089440000000014,0.0152624798716552,16.038967,0.0100213625043987,15.482472893430876,0.032378204,64.6050568
2099109432026368,0.6682225688841629,0.0175040073925429,14.13116578171817,0.012168407982508,1.0073025477359911,0.020788308,993.641235
2099939223328329984,0.7736873512765015,0.0147780869259801,11.654373334520969,0.0104080620143886,3.327015077854501,0.011666211,300.555115
2100281407662731136,1.926916594668337,0.1068662212681205,18.618880150589145,0.0640447238288889,1.639365822665823,0.15110452,654.262024
2100312125270086912,0.7536951395749346,0.0144063822244582,12.067581232747273,0.0101648532525689,3.996394010178051,0.008922577,250.344101
2100670604717563520,2.3279644608443872,0.0266411641992861,17.49941076417971,0.0102756098304799,4.496036287771186,0.07009129,222.625092
210383307935511680,2.057074280466295,0.0151890655979923,15.624890678663215,0.010012815346383,11.222410675952204,0.035564337,89.0951767
2105933142246168832,0.7447049143601352,0.014335192855383,12.402829666901082,0.0101143173013354,2.4413262397142903,0.009772192,409.557251
2106288348921415936,1.8813812829709835,0.0549037614663349,18.85110339531261,0.0131181338136666,1.5863186769001687,0.14664526,697.072083
2112434245261736192,0.9352125480807169,0.0141736264228373,10.65874375650287,0.010013394714833,10.494318301594934,0.008994648,95.2872009
2119680061245810304,1.8528489131614885,0.0221788705506765,17.407777897056693,0.0100894915291839,2.0849526103976497,0.0623115,480.149994
2122354142243763072,0.9102641839026392,0.0141706250778387,11.771927959077924,0.0100044080437976,5.434651748344013,0.009858613,184.047455
212238218411780608,0.9113318188375644,0.0219121203453288,12.81398602920784,0.0151133962636125,3.2524054472093757,0.017161619,307.526215
2123089165768770176,0.7367126690084889,0.0141711502355406,11.388395089219603,0.0100048013932,5.604050650242523,0.009732335,178.537704
2123995644386597888,0.7838015611689609,0.0143307628059359,13.11385721249954,0.0101001570405113,2.3276711417161784,0.009420108,429.297211
2127368254568873088,1.9488661869849675,0.0223746636795646,17.169546441964016,0.0102144865200258,2.7713302923125607,0.050474852,363.661194
2127717727468016384,1.925922029065221,0.0582020118151305,18.71780368748779,0.010916055823186,1.327227024794123,0.13940692,917.180969
2128139665057592576,2.1264038130232006,0.0619015074626893,18.628665059262236,0.0118332384009287,1.5690605237254611,0.14089864,691.397278
2132652992788109056,2.1593289262407502,0.0162988187165589,16.725679503157266,0.0100955208989417,2.9713898997270975,0.04419608,337.569
2133029330705550208,2.4317411199037524,0.0265582533916079,17.340656638266495,0.0100763994229326,4.554371943465591,0.0577581,219.787888
2133056960231343872,0.7541988288487306,0.014266731058093,12.05206045511295,0.010073231256768,3.2046062672840185,0.009038803,312.143707
2134357235809425920,1.1582820643017728,0.0141721972161355,11.827451863762954,0.0100020477531065,9.424609757874103,0.009611398,106.094749
2135977950309943424,0.7658258609392181,0.0141652913673691,11.238513349348777,0.0100082290594281,4.880716108689472,0.011577895,204.961746
2136250934131425536,0.754121826376187,0.0141712321859119,10.749804985498333,0.0100037862602481,5.370386010070595,0.011325755,186.187042
2140220690801776128,0.6182998968374834,0.0145331007719537,15.3726666649026,0.0100165525430165,6.8636247308915985,0.023978055,145.800766
214657178351426688,2.299645,0.0141858795155097,13.695967,0.0100045062063337,20.25364476895596,0.015455561,49.3797913
2146645790077864704,1.2606159999999988,0.0188456509223631,17.3318,0.0100386471416643,35.72583810499613,0.060651347,27.9900036
2149253075743572224,1.119603999999999,0.0223547748914349,17.23314,0.0100419065159463,32.34292900770552,0.055178076,30.9267616
2149331587745863680,1.2685439999999986,0.0197490287765197,17.098866,0.0100301193097327,26.39227878203698,0.051898114,37.8971939
2153560270810226816,0.920531689676098,0.0141674686446181,12.335331373255306,0.0100040719566868,4.7574895652498626,0.0095116515,210.146759
2154703698480005632,0.8251506565405192,0.0141700374035387,12.180667573875231,0.0100027168291457,4.859614861822905,0.010910954,205.776917
2155486516399659008,0.6173771032405551,0.0142069478244115,11.26611439820048,0.0100275915419852,3.4366910212950885,0.013424879,290.975647
2159435171891858176,2.2043698162966177,0.0143986881363544,14.469635203530345,0.0100071480279291,13.7048098070141,0.016295006,72.9712753
2164310269040421120,1.950051186535614,0.0142119762964248,14.480420770403388,0.0100038625075424,9.187855253340569,0.017026622,108.862427
21714018914363264,0.8383168997692796,0.0179356686725783,11.236920520382474,0.0124732412298794,5.038606576897386,0.019184653,198.518051
2175393140063804672,1.2235651195926434,0.0141573283990336,12.007409431861005,0.0100010604758016,10.131001313190165,0.009243181,98.6977005
218362841776006144,0.8097762880877948,0.0202832952775717,11.928477767073293,0.0140386194913093,3.7926602001897503,0.015248769,263.603943
2186236626815500032,0.689597073631345,0.0142097447673161,11.184414002651648,0.0100353446576276,4.695830849269143,0.011729363,212.927948
2186462335937934976,2.16488,0.0142306005613599,14.285331,0.0100055972197305,23.599070327548237,0.013424896,42.3782616
219057458247921536,1.1071045999999996,0.0141523198219968,8.232109,0.0100015501077291,54.07771863609338,0.025973938,18.4909172
2192213022271586560,2.074724,0.0141593837247144,12.418454,0.0100031619946508,41.354714178918066,0.0113958195,24.1794395
219413631295779840,0.7782169852815909,0.0203612640117385,12.112732652269193,0.0140774755583042,3.628676316548678,0.013671287,275.736298
2196375532772734080,0.7354625446537779,0.0141714412614719,11.678712672474168,0.0100098271869886,5.224003769808504,0.009619742,191.466034
2196746514869362304,0.7863621023141851,0.0146704241674241,11.777664742677702,0.0103388846844718,3.81522136698843,0.010048535,262.114716
2200425996177121664,1.969862345649583,0.0141789194497707,13.81912128987293,0.0100051896847339,9.931134607226005,0.012133091,100.722961
2201859072139998208,2.0667230683857905,0.0142839384538756,14.423732602799976,0.0100343733507715,7.665335351572665,0.022011915,130.42308
2202703050401536000,1.05058,0.0142162010076406,14.373105,0.0100023377051827,118.18195655131947,0.015516662,8.46153641
2203746967971153024,0.8707569999999993,0.0141504594543226,10.154714,0.0100019119378028,15.038671672741822,0.012108055,66.4933701
2213351064589769472,1.0944699999999976,0.0261279486337692,18.217684,0.0101416393492842,20.698759937808813,0.13259253,48.3133888
2219132090572651008,1.863884475227347,0.0143076489876483,14.778033198436749,0.0100066986122371,12.662424403324705,0.017471392,78.9893875
2226993972369172096,0.828253209989575,0.0146173483103033,12.09307902586386,0.0102996810020884,3.850144522708793,0.009533404,259.757446
2229129984163168768,0.9245270404713116,0.0142731443570725,11.572663955040836,0.010074916078947,5.93103558406136,0.010868308,168.623367
2240127574340994560,2.1166751802054833,0.0146951231878061,15.51999525709958,0.0100085682327503,13.449753479292772,0.022413518,74.3668671
2243150544124618752,2.069518508754689,0.0144787034529721,15.709426080889708,0.0100100295778593,12.351384462570524,0.027519098,80.9665756
2246677846144066304,0.8142965710459339,0.014177279944896,11.862731364540537,0.0100110366028823,5.011647335157013,0.01156348,199.726288
2252532298886464512,2.078136247666178,0.0163367842632573,16.556701398083813,0.010016454920995,6.311660838489745,0.042681243,158.655197
2253298967726779264,2.062200021889058,0.016819959380303,16.60479338806409,0.0102002507071333,2.7407962557900225,0.04363149,364.78421
2259765848444682752,0.9086130519474463,0.014149984566405,9.948012341371756,0.0100015984490994,13.389652837569308,0.011649341,74.6738815
2260091681844176256,1.0909462513637935,0.0141589697780193,11.673704865196203,0.0100016048687797,8.397003703712134,0.011450175,119.099731
2261264581576974464,0.8927948504749883,0.0141665879832386,11.96395232451517,0.0100042531680979,5.289455440434304,0.011242016,189.085037
2262130928019428480,0.9965165520289948,0.0141675399094928,12.194114289469436,0.0100026267362557,5.383279498665626,0.009906726,185.744217
2263530640682084096,0.7096389078923516,0.01418267971218,11.986380250186595,0.010014908644285,3.925572956793878,0.009576682,254.927246
2265548970369110016,0.8970655897752452,0.0141861505219454,13.185529981435034,0.0100123562132635,3.9206029147641894,0.010298201,255.184692
226643332564163968,0.9322176009756312,0.0166757978863955,12.34144301857088,0.0116475976472803,4.079494473359007,0.016158517,245.36438
2267589492152525824,0.9982124985801084,0.0141578986474121,11.047119337481128,0.0100025588223541,9.465460241988543,0.0101189185,105.644325
226849009958243328,1.242524371101325,0.0440101460731425,18.85554429007009,0.0166373529673286,16.71108000873771,0.2955536,59.8598633
2270670495532812800,0.9282859663505876,0.0141618083516125,11.82654927954144,0.0100058767007094,6.264871860384052,0.010082192,159.639313
2273277025284701184,0.7647848672825548,0.0141545554155222,9.5901312791427,0.0100038451870261,8.086023937867752,0.011664442,123.67392
2273611959717361152,1.3939159144590798,0.0437267254564958,14.615881749414562,0.029457932399756,2.268263272910806,0.024555504,441.265381
227398112934588288,1.6625419999999984,0.1021277053567317,19.803377,0.0105362111250536,16.132926872096885,0.5592771,62.2074089
2284806121959261952,1.030659818608968,0.0212582139154385,12.609763232160958,0.0146908300409398,3.6392540626027774,0.009510368,274.855011
2287505942698232832,0.7955606733209635,0.0141501256419984,9.94683486501269,0.0100018238057001,10.66004111468878,0.014410558,93.8187866
2289725513077889280,0.8468963023685279,0.0141622880923537,12.25438517692196,0.010005663180107,4.1459630222311175,0.010130906,240.992035
2289725719236317568,2.3598074268602445,0.014904241178842,15.791485299740277,0.0100141689844603,12.195657957839016,0.025790546,81.9845123
2290295678576286080,1.8416876221407752,0.0142227126192148,14.121985420990487,0.0100035296827143,11.57221294260425,0.015296719,86.4351807
2291705561719832960,0.9479467025681512,0.0141630269555017,12.118862748974024,0.0100029409722432,5.202444553780063,0.01301762,192.124451
229586205497545984,1.8863103630035865,0.0142130685839906,14.204518814551642,0.0100048650955686,11.213063277074372,0.021088134,89.161972
2300275563368042496,0.781503484663824,0.0281456552010489,11.91322192832871,0.0193023210735235,2.8166142680478075,0.009966815,354.926849
2303198516247048960,0.7656303399118094,0.0147435912219561,11.935199818862996,0.010386901787984,3.1016176633818247,0.010879189,321.925385
2304029747037571456,2.3601043978652356,0.0149845902183908,15.673987091805497,0.0100137353012101,13.550469668872491,0.02812455,73.8640823
2306181044616015360,0.7868769682646231,0.0144104679299151,14.355649225086657,0.0101315308991846,1.364590591146103,0.023722704,734.565063
2307330927619762816,0.9386593126310872,0.0146506621534255,15.00987495076496,0.0101360402685623,1.759176295827849,0.029026048,572.254028
2308052997521688960,0.8733215303088282,0.0144191966297046,14.801674366619045,0.0100932565879528,1.8436179930931351,0.02865554,547.386719
2309152131192453632,2.478206,0.0142702755362865,13.449866,0.0100048196760087,25.221087421877048,0.017288607,39.6529427
2310359910355512832,0.7518464584220099,0.0148097982188264,15.17914789272389,0.010138382954342,1.0441613285474218,0.03142017,967.252319
2310439556229084800,0.6349111109980704,0.0142984687938103,13.27878931495757,0.0100680840700223,1.0856626139246464,0.014090296,918.659729
2310464295240734208,0.6460530395679362,0.0144545957662926,13.991124973896127,0.0101379695652579,1.1063862090563563,0.022989294,903.034363
2310733022754686464,0.6678313815760394,0.014476563718668,14.246782290710645,0.0101833995412295,1.4076795255536931,0.019046664,715.98999
2310851976168886784,0.6671609587802637,0.0144401600521487,14.390218943045104,0.0101310450390834,1.074634299616864,0.026937764,932.840698
231113736385994624,0.9771767000000002,0.0141554804781372,7.91092,0.0100018163054923,41.938264699166254,0.02369182,23.8463955
2311194439681080192,0.7913615368463535,0.0144852243828482,14.554278698721,0.0101441833380061,1.5635134322676352,0.021149008,639.953979
2312065871365627904,0.7327776992887323,0.0145752648797304,15.07602665796322,0.0101576200602468,0.9806493737581616,0.030737279,1024.38354
2312333190130409472,0.8315322541419845,0.0148513247623366,15.38044225064897,0.0103263902729447,1.2795002176798311,0.0360347,789.559875
2314571280408151296,0.6045523636635822,0.0143301385415173,12.992448474408151,0.0101064790970999,1.3207588835415425,0.018126506,755.627686
2320810115543094272,1.8299679999999992,0.0142830545846246,13.949047,0.0100029164656828,17.45175254725195,0.020680878,57.280735
2321555378268169472,1.2073995230375734,0.0145679075594365,13.8252834955851,0.0101527012120524,3.7611746579015937,0.020743197,266.120087
2321555378268169472,1.2073995230375734,0.0145679075594365,13.8252834955851,0.0101527012120524,3.7611746579015937,0.020743197,266.120087
2322020952722678912,2.3901395,0.01425566125857,13.184315,0.0100075233465541,27.45367607792836,0.018341789,36.4269867
2322020952722679168,2.2655960000000004,0.0141946308240306,12.719789,0.0100091557511019,27.41896297277901,0.02012638,36.4745979
2324462207838044416,0.7104415595945643,0.014753799493026,14.630614190121332,0.0103147066458988,1.3503594213818586,0.021917516,740.993835
2324665931022368000,0.8912811238189496,0.0147663073599586,15.321587608215864,0.0102556659854149,1.0798212363140256,0.03490776,925.021301
2324712076150767232,1.23861772571587,0.0145501239611908,14.91905301111337,0.0101153585121063,2.3013669960677454,0.02816311,434.347412
2325604634779589632,0.9758949850965244,0.0146885703696609,15.10223524029336,0.0101971604806535,1.7684645407688304,0.032482225,567.079468
2325963835779508736,1.216388985487745,0.01448762791133,14.96571199164608,0.0101294313891764,2.2554301247764936,0.02564811,443.121857
2325983313455684224,0.7647555829376593,0.0147088157246113,14.607094094280418,0.010315559558424,1.5534142391166996,0.022239171,645.740662
2326222770768406144,0.8728093759408527,0.0142953166885339,13.108482957911216,0.0100910013964916,3.142482751336981,0.013738963,318.363098
2326594783655142784,0.6482425236955389,0.0142972046181849,11.280725828561213,0.0100917888008172,4.769171095896662,0.03122282,209.827332
2326698824943074944,0.772289179064397,0.014368811979887,13.998945143539489,0.0101152036440854,1.446888290733764,0.01830299,693.573792
2326800289250549504,0.7868754246028101,0.0142904563660669,13.570671496396168,0.0100628923514763,2.228643153908577,0.0153045645,449.212433
2327265863704969600,0.758986672973386,0.0144329455597354,14.19221115732688,0.0101532297533957,1.645757476770903,0.018158315,608.840027
232786647628536832,0.8164169706895894,0.035779909693578,11.915604994852508,0.0244131900463817,3.818070525980604,0.014320837,261.736298
2328035556204699264,2.4283210459786897,0.0263167892094162,17.017882908661473,0.0101845916097971,2.608734319843653,0.08388666,378.86203
2328530542595235456,0.9137528364438444,0.0143009377068206,13.72623846841209,0.0100694054366878,2.4010478470911982,0.01639533,416.76532
2328547378867064576,0.8523600468016332,0.0150128494732346,15.21552367173484,0.0104417881866828,1.2790592253555253,0.030695107,781.36377
2329014705668715392,1.8949285270545564,0.025930272743791,16.861520650958948,0.0100986516947728,5.943481697507891,0.076993555,168.012894
2329294600097187200,0.6611427516495213,0.0146966623075572,14.027568435959983,0.0103141919058413,1.508636953196441,0.024315713,667.085693
2329378334779501184,0.7097015547566804,0.0144264010064101,13.29512614455937,0.0101659464327866,1.9912749448238565,0.017093344,502.731537
2330653111137350400,0.7859550987900513,0.0143665537790885,11.171408004710292,0.0101396399193182,5.5355238951618935,0.017704086,180.66716
2330657994515641728,1.1978315953394096,0.0142938912513991,13.904167483590298,0.0100574144058634,3.610135166194203,0.02212807,277.061646
2330871127972876160,1.8768325115176807,0.0144447643013709,14.711476749606415,0.0100213742206229,8.082308077573883,0.02514645,123.743324
2331046530141805184,0.6248237623458517,0.0146671619872328,13.358741345014227,0.0102790572221889,1.1171531050005756,0.01402118,892.420715
2331256163200910080,0.7255807407458977,0.0147692684324714,14.794860942974609,0.010310142578629,1.1535786098289305,0.03188887,876.982239
2331282860717617280,0.8880665730585686,0.0148238357307247,14.896562719475083,0.0102032871183981,1.2275994443944516,0.029525274,815.922302
2331545025521347072,0.7702442307177141,0.0152282782229688,15.276377056988563,0.0104233602739458,1.1877615992689383,0.032649785,851.207397
2331828149765551488,0.6688937397284139,0.0144968386547497,12.860963708585274,0.0102135344487603,2.2044852150188823,0.028628787,454.899597
2332426284091140736,1.1370345076168704,0.0152987163182922,15.525132863219644,0.0103187358381884,1.7537604971623888,0.043641932,576.799011
2332640310901452800,0.6784956911442117,0.0156756220403581,14.89935682158059,0.0108053513982823,1.0465150445550786,0.02790656,960.794617
2333183744523768320,0.6737851916976919,0.0142278951009849,10.674927312952736,0.0100464969300085,6.485676645691327,0.01471472,154.294998
2334477423033849216,0.8997732580308286,0.0141916681020103,11.115674647908774,0.0100223792816153,7.47006508545065,0.02001949,133.918411
2337465895637000960,0.9069238430388852,0.0147759122148588,14.510200135975012,0.0103076361963332,1.9484933515840088,0.030637056,515.980896
2338229815700176000,0.9097612704223504,0.0150168775257438,15.034472213954562,0.0104341455063591,1.2794399255509583,0.028863195,788.513
2338605608158574848,0.8657892839896658,0.0155430652268977,15.203511817355562,0.0106053189554422,1.3533729912245918,0.035558946,737.652039
2338827468989284736,1.8339689666001395,0.0147771554372453,15.14152183812956,0.0100452941201699,6.037165269512501,0.03145817,165.587814
2338943673624461440,1.7773749999999993,0.0142073842998337,12.141123,0.0100082820915034,34.4296204319921,0.015155681,29.0442028
2338944532617922304,1.6857310000000003,0.0141668735546949,11.489533,0.0100086009220308,34.426868924479336,0.020191256,29.0462379
2339370146697059456,1.3405616845631447,0.0142385114053368,12.961826547506831,0.0100286987933035,6.850853554056932,0.020155253,145.875397
2340037653334960896,0.9185238615119198,0.0147744052967761,15.029552505406548,0.0102766513460919,1.3001374867291031,0.031078337,770.302429
2340721961884160128,0.7750893681557811,0.0141640510905145,9.71478980986661,0.0100064297343043,7.9125390073208575,0.019940177,126.45713
2340884036769848704,1.820675869132824,0.0150506913252235,15.793379272992247,0.0100246626673766,6.433968703365068,0.039313123,155.234985
2341595970549374080,1.4778808756333492,0.0145936577989524,15.0313301970332,0.0101558248763755,3.217560634955266,0.029232036,310.381958
2343051792663454976,0.8983556477740223,0.0142145170459712,12.504858818628824,0.0100400668961432,4.912538944194996,0.015497819,203.574799
2344206417311670272,1.0669681768548551,0.0143626949794755,15.14185887297453,0.0100627570436889,1.5539840021472977,0.03039783,643.319397
2344266237617103232,0.9150292736551868,0.0143986091893275,15.243670589380008,0.0101210797883072,1.3541584474032395,0.032869916,743.177673
2344605849270652672,0.7964962640676161,0.0143377232383353,14.359373945155808,0.0100923959899954,1.2155313013240587,0.024059083,824.508484
2345259680731633024,0.6492544155740667,0.0143509212421441,13.606419463409052,0.0101060779661112,1.3687475549358368,0.017006878,732.309631
2345468278704365440,1.403487846745639,0.0168671069640598,16.856592491724722,0.0104012476212747,1.5109184875149857,0.10586088,709.944763
2345517000813375616,0.7661267080146706,0.0143916400073116,13.330427100783476,0.0101529837739745,1.8592318366520717,0.016670201,537.926636
2345686016365803520,1.0280055090116813,0.0144228220680248,15.090428076538055,0.0101320086258628,1.9766969282606084,0.030613277,507.104401
2345697973554749312,0.8896453493474281,0.0143632819677473,14.765337632288428,0.0101053841217783,1.8667122701951724,0.024543516,537.869568
2345881110959863040,0.7744635376782744,0.0143322968289401,14.208540700310312,0.0100987083953144,1.2434820382072471,0.023561584,806.176025
2345947322175373056,0.8970389945113733,0.014304855052926,14.302063674744488,0.010070336314423,1.7230067281516903,0.024851784,582.545044
2346024631587177728,0.7416995612220055,0.0144859007403442,14.84791552010693,0.0101369543458367,1.165457432459276,0.02793338,861.563049
2346085585763090944,0.7646706251735143,0.0144463829843341,14.508151264556666,0.0101599086364612,1.0593591807537026,0.023026014,949.151855
2346112351998623616,0.6662132897399786,0.0145720716364248,14.26923922664611,0.0102265044042194,1.093013585964304,0.022439335,915.019653
2346342837123989632,1.0153304527851212,0.0146992404131854,15.064046005441794,0.010275993008742,1.3904320599260611,0.032483842,720.647522
2349212287594202624,0.8559266125122448,0.0142781767002401,14.111551267002811,0.0100557013796422,2.277190364960629,0.020361314,439.320282
2349476067305732864,0.8001230427327612,0.0147704475910516,15.06355473539019,0.0102954055556781,1.2235467536379936,0.03453277,828.210022
2349637111399515392,0.9956040619802003,0.0152864011526263,15.367492637778154,0.01037059774604,1.1057329610680169,0.050916743,902.758484
2349703700572454912,2.0202199706910484,0.0171846639269838,16.904758677664013,0.010090864332721,3.812875552608694,0.09141913,262.666077
2349736307964196736,1.5518569319926692,0.0143134581199616,14.400353705429092,0.0100534959718617,3.8027641022755794,0.023420861,263.096924
2350333514576781824,0.981854146493686,0.0142659481657897,13.546015645480674,0.0100490679384884,3.583591556393585,0.0191003,279.539368
2350511635460452608,1.959841753925353,0.0164843673980369,16.246070479048676,0.0100840743781912,4.451661833668467,0.04613978,225.279327
2350627496498314496,0.7810749279650088,0.0145946084391742,14.725344012504582,0.0102412398691587,1.2873973681539062,0.027258376,778.889771
2351183849382190848,0.7124330275835458,0.0142305003334907,13.07300321492353,0.0100420868404974,1.965722853459434,0.016829053,507.462219
2351312011206224768,0.7792800303390028,0.0145879653795016,15.08108178314158,0.010170324790632,1.3793517046168997,0.032440383,730.407288
2351637432288355840,0.9398690448130008,0.0143596297101384,15.112291816846144,0.0100635645339863,1.351646124467388,0.03258685,744.321289
2351656982979433344,0.898070897725208,0.0143583529884042,14.78966381187697,0.0100628436427598,1.5282216332692673,0.027568024,656.686401
2351968694525718016,1.0475123557095982,0.0142634940671417,14.080093178341098,0.0100549932761918,3.338798211366233,0.023442263,299.82373
2352416195758727680,0.6918105861355608,0.0146439649883173,15.203565710559216,0.0102550883428726,1.0334996058874883,0.029146068,966.17157
2353790310415049472,0.8101674827691826,0.0143257023277857,12.926305186210376,0.0100855894323563,2.33236265626763,0.019192966,428.282715
2353842605937001472,0.8620529989269633,0.0158724747166698,16.7236955596934,0.0102787755148028,0.630360028020758,0.063795574,1697.04956
2353902220083105280,0.7345833879397407,0.0144154407760781,13.28688369269844,0.0101629444430104,1.625346953138108,0.016827593,614.185181
2354195995846081152,2.1505461697844157,0.0150706532877134,16.38579271903124,0.0100607215052124,5.022313713190896,0.05527283,199.263504
235423517026072960,1.5041770000000003,0.0141529191383799,10.170526,0.0100044774043839,32.9385863300542,0.0193421,30.3623753
2354473377718412288,0.6343981575958524,0.0142661384216307,12.182895874922824,0.0100731163176752,2.1751989029668537,0.014193442,460.804932
2354840893775533568,0.6478468291191818,0.0142601715921161,13.130326666283375,0.0100648383156904,1.6757036872931406,0.013285464,597.300537
2354926243365681408,0.7205030040373337,0.0144254272550152,14.464880724419992,0.010142333248187,1.212543237103734,0.02237311,829.515015
2354933939947071872,0.806158559469698,0.0145608519490066,15.01009475162613,0.0101648231294978,1.3374788756698304,0.033364,754.154236
2354955346064094208,0.8615982891785174,0.0148534686676568,15.093570738890678,0.0103288476404258,1.055925723190542,0.035273068,948.69104
2355058700156958976,0.9985713470030098,0.0142545769920489,13.947808181078388,0.0100448889288302,3.139833808684832,0.017136358,318.38504
2355727821701794304,0.6608206915913223,0.0144681355318671,14.259198517350008,0.0101635118031715,1.1964356059528538,0.021045737,837.690674
2355894432073645056,0.8633033527697859,0.0145320397215516,15.30608485795487,0.0101429851795194,1.3953305775018887,0.031088054,720.018921
2355935114003912960,0.6001263535252664,0.0145391482502789,13.938837979252872,0.0102452772625282,1.1160988503890934,0.018293846,892.098633
2355968442950078336,1.2020170470204177,0.0143708600310838,15.12686529321818,0.0100591107601947,2.019498967732295,0.034771007,494.569855
2355981946327305600,0.8755230928255636,0.014442211603338,15.297539216075956,0.0101214200578006,1.3960374700235882,0.03373838,718.727722
2356221399343855616,0.663790424762796,0.0144611048825295,14.44397424246452,0.0101759668923961,1.009980689551245,0.022424202,992.967468
2356605403779360640,1.1253534520129636,0.0146879083835752,15.044535097186994,0.0101728901135701,1.8313430352909832,0.036461607,550.385681
2356658970611701504,0.7630695678467141,0.014252164428367,13.283668368113943,0.010053847277737,2.6529245466174163,0.018128306,376.82074
2356660585519403776,2.029979393607821,0.0154802321471273,16.534667781008643,0.0100841020103189,4.239155727471236,0.06724131,235.354019
2356919279989444864,0.6470250715589271,0.0144524428108018,14.337367005956398,0.0101427053961034,1.130155885683781,0.024367303,887.223572
2357009852259752192,1.8994175666380015,0.0154220459856715,16.18498200260868,0.0100579209906619,5.554639536059418,0.05435752,180.448303
2357116195651000832,1.8522992224856505,0.0165503618223953,16.892698374191717,0.0101033246615855,3.572274887431011,0.07091867,281.875092
2357356232782883328,0.7400554245866193,0.0142981749774141,12.53369772638945,0.0100909187133885,2.398359296704496,0.022957712,416.996796
2357386916029268480,0.8014480359539643,0.0142702500224717,13.715187584425372,0.0100678885511579,2.171128232692486,0.01695963,460.874237
2357757314008603136,0.7985852552044423,0.0143845302101727,14.668487531129069,0.0101060262653096,1.547715516018237,0.024974221,647.714783
2358265803775961088,1.8404439197117313,0.0170384853737596,16.723405272766477,0.0101019352873817,2.98320260595412,0.06718984,336.329315
2358488283082699136,0.764138092646246,0.0145823048291722,14.225459151568732,0.0102593919868507,1.151556808083299,0.021960631,868.951416
2358565145817382784,0.6082058130603742,0.0144072144812021,13.314627826887738,0.0101612562643776,1.2913692587967276,0.015699834,772.915283
2358568066395120256,2.0878258240888785,0.0263990952656568,17.401204007763013,0.0102241079020921,2.7198756777307547,0.088218525,366.802521
2358624416366118272,0.6184807690288825,0.0146581990229106,14.223801357781568,0.0103061649365249,0.966984930849431,0.024026306,1043.06824
2358721173389338624,1.808823537271775,0.0149650547162489,15.507010590574897,0.0100775830672789,5.079452832192506,0.03804695,196.696945
2358876101449562880,0.7457037315830075,0.0144103280464329,14.226293000530248,0.0101399451691165,1.519057905994345,0.023338089,661.686768
2359344527762632064,0.6176829910448256,0.0144138701896212,13.573956254078372,0.0101661771004364,1.4421546333173143,0.01639658,693.047241
2359449737281529984,0.7715412951744122,0.0141981357459701,10.830214795139495,0.0100324515148773,6.3696974257030385,0.015789105,156.98291
2359461041635449088,1.1009294450067515,0.0145818204203407,14.987066281138809,0.0101518676041677,2.3888088707476816,0.02981384,420.418915
2359529039557997440,0.8237967005925277,0.0143388566649904,13.792715912269983,0.0101064606423537,2.4585496299202902,0.020030165,407.44516
2359786840674858368,1.5139252352275652,0.0144816365656816,14.8244359251684,0.0101343512105928,3.609556378833419,0.031599306,277.227722
2359826010776542592,0.755506187310225,0.0145130027843532,14.905522626604766,0.0101765907561709,1.2463105549883324,0.028533228,803.688782
2362875197038102528,1.234097427792798,0.0147488006502667,15.545776410480675,0.010035765705203,2.0647922008533697,0.034173302,484.695648
2366677445686444800,2.5049365887557844,0.0408726008165826,17.645646713143616,0.0102080715561116,4.6088674895683726,0.11827038,217.739059
2367161814917995520,1.0190127809772749,0.014199307387503,12.591182567048596,0.0100183440861224,6.531032150029818,0.017794743,153.099899
2367910960293563264,2.132085609010331,0.0221086867496937,16.912502616244918,0.0102339235067554,4.262728857173398,0.08600822,236.322769
2367916389132222592,1.846212616549216,0.0174477801421,16.553064465998382,0.0106189469938659,2.185165690141164,0.063807435,457.401245
2368974600354263680,0.6065541900815604,0.014402995406728,14.084922980567434,0.0101273905483663,1.1509404331947288,0.019676622,871.058655
2369001297871000960,0.722678994134491,0.0143777330286648,13.993762279351367,0.0101293797291407,1.2332958344504523,0.019474668,814.016174
2369477420765622272,0.992044185524232,0.0143473110770101,14.177081165565662,0.0101043864746538,2.913063539953234,0.021950027,343.90387
2369561224167488768,0.855165040923991,0.0144630581589553,14.305426770675616,0.0101594719944072,1.4947803719284485,0.024802743,670.441223
2370554907801113344,0.9675872869332524,0.0146282125448417,15.361032281816794,0.0101738065348866,1.4788119814831713,0.034268234,683.811951
2370611395211180672,1.038733587476674,0.0145838544164933,15.379022664695146,0.0101896522355637,1.6612299711408336,0.036025222,606.246948
2370630774103667072,1.0802271301356343,0.0144275154336745,14.68563410333418,0.0100986295217287,2.10495309033941,0.027656598,474.665863
2371073911649103872,2.0337707961077416,0.01527777485328,16.03784389619614,0.010015848570393,9.551476716950967,0.045682795,104.747765
2371382874416934144,2.1649737805640323,0.015770606782304,16.115549050520638,0.0101143100355186,5.1967270968857475,0.050739724,192.567368
2371508802858333824,2.044312187605238,0.0150293700306001,15.919287540001294,0.0100261369535803,7.783407854083587,0.04015202,128.723099
2371528903305227648,0.9334412323566535,0.014443116324218,13.69657345600339,0.0101801432767379,2.595761612183083,0.017688043,385.699158
2371741109049042816,0.8837924690860588,0.0148042243403276,15.353343844089348,0.0102666392976807,1.1322628608793812,0.032947153,891.197388
2371758941753326976,0.6656238555241634,0.014366752494323,13.767716600505,0.0101202600491477,1.2970296610715182,0.018474929,771.882874
2372084053597739264,1.3547734246344196,0.0141737017553436,12.525384116311274,0.0100112056114059,8.814794516264332,0.016492767,113.427742
2372318593172372480,0.9333920988901988,0.014673843965178,15.381299745821714,0.0102025199782017,1.2318900126419234,0.03804111,808.42511
2372454485937400832,0.9511956030423102,0.0150766498093769,15.297967925666784,0.0104052003892364,1.56782674912009,0.031433523,642.52594
2373506443686573056,2.2874743563500957,0.0315386292982526,17.068593320000552,0.0100717857043014,7.509426683178649,0.07960926,133.424286
2373962839796029056,0.9992172221994096,0.0144216397280738,14.580522482603714,0.0100905377592391,1.981414190172672,0.027229182,505.215759
2374416358278138496,1.035540714089932,0.0143749421587328,14.115024400525318,0.0101208031658832,2.9481266325316584,0.022603016,339.507355
2374992811608811008,0.738135907925003,0.0147005330839267,14.563150463324035,0.0103075998842545,1.4596136174791858,0.028129634,691.411072
2375398153442229504,0.7319612763491382,0.0148453120147153,14.55556642382438,0.0103843616386422,1.3466550280180778,0.025470614,742.967407
2375432891137804416,0.7976543171532723,0.0146774913563251,14.48482323785456,0.0102624788510302,1.5391090654667678,0.024960794,650.009216
2375544113610809088,0.8561090713490697,0.0151474858188448,15.209323218630548,0.0104212843417412,1.1598613066235122,0.03228891,871.569702
2375636232069329792,2.185481333142073,0.018376231680995,16.274314370094658,0.0100442119773618,9.959950470794867,0.0635514,100.510521
2375729553118829696,0.664542341387824,0.014355820028011,11.953717860423712,0.0101293444710106,3.6273195580752584,0.024976816,276.081635
2375879602096868224,0.9431019541871488,0.0147450589703636,15.25166299722436,0.0102303564346386,1.2385421823089748,0.03184179,803.213318
2376163963291589888,0.736191146773908,0.0143385478764586,12.220200321560808,0.0101252697813599,3.467367784568536,0.02026984,288.590027
2376362150262206208,0.7768825681604792,0.0145429835971773,15.005700805759366,0.0102016142744417,1.3158503827633932,0.026843477,766.324402
2376457086219269504,0.7149949280423796,0.0145460013006559,14.239813271732295,0.0102263767351633,1.2568339507571868,0.026050499,796.777649
2376599885292280192,2.3196636139360938,0.0154670004256775,16.334670751563145,0.010048630015243,5.857120653196552,0.047940154,170.813538
2376630362380228096,0.9789512694492292,0.0146141215087413,15.069435817422375,0.0101756586333224,1.733908413800034,0.033518188,578.6521
2376818791184805120,1.003621444261211,0.014989426315903,15.445946742184251,0.0103019858051747,1.2356395482254665,0.03674996,812.95636
2376825972370130816,2.238482304671818,0.0165464387648955,16.370700594155117,0.0101137368994817,5.3411083994972675,0.05651106,187.066895
2378109446036858752,0.823523641160213,0.014710618707638,15.061298163136582,0.0102682836209943,1.001603281449812,0.029391913,993.314148
2378767331947583232,0.7939627697100106,0.0147310391728041,14.605243443828565,0.0103053560619324,1.1180777684599696,0.022515964,896.110474
2379334336349891200,0.7606824506706722,0.0148388739779242,15.033407870651722,0.0102191860581114,1.24567798133511,0.033439513,814.052368
2379902508983586304,0.8758044555853051,0.0151305622926395,15.236472346142389,0.0103972289200532,1.0468888736170905,0.033927426,960.086914
2379927454153675904,0.6741106002111026,0.0149267520633733,13.477350843986825,0.0104348643886602,1.4887313327704228,0.017024556,673.885864
2380337224098125056,0.7281069135601397,0.0146447944600576,13.241365037043463,0.0102701259536706,2.1211445121542907,0.021145135,471.835449
2380501193064904448,1.0951353378911002,0.0148060918065538,15.263413696358544,0.0101912632158529,1.588410056699491,0.03237036,632.092896
2380524660766236032,0.6351665462612107,0.0144750402164733,13.61048160653776,0.0101569681429881,1.4251296733580463,0.016199412,705.348572
2380864753456533120,0.991376513185682,0.0150620116860208,14.804459149887418,0.0104389777691227,1.662698127433193,0.029985921,602.32196
2380947457346805504,2.3443686322264043,0.0160802284457618,15.955479902727925,0.0100336089176536,8.692536668629666,0.043820303,115.030602
2381370215272354304,1.241363978575509,0.0153380974253878,14.95551448933675,0.0102852377022644,3.017859898927959,0.027132021,332.753815
2381484087740663040,0.6980010179578771,0.0145276312818045,13.804271754645924,0.0101814071157311,1.7683317083968142,0.019352544,566.168335
2382154858553137408,1.902585797306361,0.0177443643215656,16.700601767735396,0.0103383711333801,2.908613441557274,0.08474591,345.228149
2382319716578168064,1.0720431967812305,0.0151612374906093,14.749928131381091,0.0105421782088425,2.5168167504238896,0.02562112,397.66037
2382320781730066048,1.585888543196794,0.0142013735894542,13.390834311337214,0.0100080804590374,9.315556021957992,0.014136826,107.334946
2382466359645717632,1.071128164733121,0.0153668518071412,15.437131728751648,0.0106396249990426,1.440255162984926,0.036547855,695.653076
2382496153834477440,1.6437366200311958,0.0155333053606771,15.150003571924003,0.0107531909990276,3.3820130863380924,0.028423902,294.944946
2382601943173873152,0.8702145214967605,0.0150129009154652,15.359348330413903,0.0104589473190714,1.1571770974409037,0.03499505,871.153564
2383364695006224128,0.9410363130573218,0.0151274501903112,15.425797552063504,0.0104035724386348,1.2350629876996386,0.038269483,818.67804
2383417991255137408,0.6298975925740291,0.014344868169937,12.83326362842835,0.0101139341632408,1.6719839154495326,0.015388733,599.320068
2383701733974453888,0.6966211534820257,0.0149257436320107,13.7105758912768,0.0104811353343205,1.489845880552016,0.016444253,670.783997
2384415042143164160,0.7996898173165562,0.0152477311842963,15.23433176237957,0.0105700034418222,1.152007899956671,0.03178494,879.468628
2384863024411840384,0.7780663585032244,0.0149156927849335,15.171954476656282,0.0103224764611292,1.2117745786335077,0.03023789,832.913269
2385091276153760384,2.315227741265959,0.0203005704207528,16.995509578350706,0.010112344235235,6.090124107643191,0.07256006,164.339523
2385769193791848192,0.8153225780052896,0.0147408204889462,15.251193983162649,0.0101976609566956,1.168718075572754,0.029478498,862.305969
2386268440790420736,0.7056428398958113,0.0144304062147025,13.13131127282759,0.0101579178378887,2.471900459322898,0.014992929,404.892181
2386280294900130944,0.7667340989927717,0.0151736006320742,15.238185244807012,0.010412858454236,1.175078628734575,0.033266064,865.843567
2386676393964146432,0.8632202851795495,0.0145183833285633,15.100912581129936,0.0101185220864482,1.5263014066686589,0.027435888,659.469543
2387660834828034304,1.02996616904202,0.0146502524123516,13.574985176450737,0.0103069933877678,3.699584035818139,0.022187984,270.410858
2387982270180462336,1.958958313509843,0.0209310628876326,16.8307688410636,0.0104932460667316,4.453463561965989,0.084993504,225.169418
2388024257780669824,0.8923902731935063,0.0147064828389702,15.065201092129968,0.0102218707923299,1.0968805669007822,0.030078476,912.116577
238802625496037760,1.9035885505711891,0.0160272362400491,15.231495722519774,0.0105311935722443,7.640930230134853,0.03745614,130.791336
2388270544090304512,0.8510779477906315,0.0141905744939779,10.730766926893,0.0100143991143826,8.363983647437385,0.025194312,119.614136
2388634624172867456,1.9858687200017555,0.0172711160157543,16.341347995354443,0.0103160978676545,3.582348353999498,0.0681742,279.155426
2388688568962102912,0.6860397906992047,0.0150686137279925,13.850530493611798,0.0105510659537348,1.4892054416780098,0.020284262,672.817566
2388984475028962560,1.0099629510973975,0.0141755458532492,11.685291553065005,0.010006123908022,9.592913133405183,0.014475988,104.235062
2389217910796506368,0.654604526471236,0.0144279301192746,12.48861945129735,0.0101768748677923,2.237741657195263,0.018281335,446.393707
2389606386293583744,0.8687771638941918,0.0149247155481253,14.644261024969776,0.0104089777772891,1.537288349660985,0.025721544,652.5755
2390499808210564352,0.892823604696953,0.0145865024992289,12.966276828343576,0.0102750327839661,4.125696007979474,0.03824737,242.871689
2390726685563009024,0.7324389104397023,0.0149127663412333,15.19836870057367,0.0103298422170176,1.1815951338987312,0.037338883,874.292419
2390790074985150976,0.9840511769639188,0.0144617226834574,13.992104394974652,0.0101295284592122,2.931001769360375,0.021033857,341.373627
2392527891767706368,0.6691402019371554,0.014878749084986,14.46496221144895,0.0103703097397358,1.0402508212185813,0.029145427,962.833008
2392849842516123008,0.8303933518939876,0.0146407404160091,14.68740798703234,0.0101361351312384,1.0836816702506122,0.024235478,918.362244
2393245185665846272,0.8754908563173245,0.0155005902568681,15.393046476112277,0.0104930086844085,1.2833334160284924,0.035622604,788.175842
2394217360103411968,0.7182506645100821,0.0150733613932514,14.535337780383664,0.0104947510687361,1.2687900190480772,0.024193263,793.513245
2394634040650577536,1.0284814712808188,0.0149449045084802,15.343602101308878,0.0101500979972678,1.7040364505793613,0.034139622,589.997375
2394690871657862144,2.1273892459812123,0.018510343080686,16.572776733847885,0.0101259261862155,3.1749592593404317,0.08214977,315.776489
2394883320552379136,1.976614694409069,0.0153321634745958,16.204656394403766,0.0101917786282292,4.395061096815011,0.054400302,227.760284
2395350097598184704,0.660136693736762,0.0150107327665899,13.865124257526162,0.0104989663540331,1.1023129950354829,0.019350998,911.871887
2395640884064008320,0.959980999681782,0.0145591257945002,14.652530011498609,0.0101702197922823,2.1293856981421717,0.025654048,470.16925
2396074263443808000,0.8283330305978303,0.0149765608057424,14.793888528188107,0.0104269032184043,1.1410247608474244,0.024447711,878.665771
2396321687919879168,1.0307091982588492,0.014562676572494,14.248289872702744,0.010233949293843,2.919430551468939,0.020253792,342.798035
2397283825018209024,0.7275336130969903,0.0144760932685804,13.120627948507328,0.0101545469633743,2.1872917427321465,0.021713989,456.915619
2397601652598149504,1.0636978000794002,0.0152346985880069,14.565362964316336,0.0105764279020332,1.8173612294042385,0.026338853,549.639587
2397602241009510656,0.888378054127385,0.0156092152424227,14.96282479589953,0.010633039281716,1.0172544455594448,0.031891976,983.694397
2398023285243167232,0.9354406291222144,0.0147714596744746,14.930435778153578,0.0103157734754002,1.5678413703300185,0.038312014,638.288208
2398029465700538880,0.8530903216323278,0.0142222316143964,11.884206483699533,0.0100375848666305,6.3393327411282625,0.016336247,157.769394
2398306061595177984,1.0431289943140585,0.0155428345195325,15.39083595039659,0.0104119530659878,1.3989113454844904,0.036376316,716.940186
2398429795307993600,0.74328981231106,0.0147687668709455,14.976438895674155,0.0102131218592836,1.1004352218938398,0.03451297,919.361084
2398615715852314112,0.7185588229249009,0.0146312264949648,13.930524765829896,0.0102825513822013,1.20186129212444,0.018275881,833.211792
2398936704527737216,0.8981958198791506,0.0146795700872196,15.353462148631111,0.0101568331664706,1.370892345522363,0.03370395,737.759888
239900934533204864,0.787274655821044,0.0151035080584777,11.484226729885725,0.010608768162668,5.337897198071041,0.019970335,187.354065
2399235221934769024,0.9723307929562288,0.0146655078916065,13.920678434969648,0.0102784462471909,2.666834514564546,0.019709053,375.597137
2399250408939117568,0.7726634324893141,0.0146369616425476,15.060130380712032,0.0102034125978734,1.1505405922034884,0.03176645,877.483765
2399615893476285568,1.0461918821969047,0.0147378578752651,15.304085314899169,0.0101377571439319,1.4742924246824207,0.030895604,679.344299
2399776593972670592,0.676747008648347,0.0147776305473243,13.536871057684133,0.0103723996016922,1.2649659277299128,0.016604759,788.682922
2399813393252454784,0.9247163608230664,0.0152593464178397,15.33217636728668,0.0102650672352332,1.429884978821249,0.042377505,703.310852
2400129399766062208,1.0548453668982678,0.0149593683914848,15.452227889788698,0.010135664399973,1.312937841333066,0.035553705,766.720154
2400144414971618304,1.361827,0.0141897842634093,11.202698,0.0100041219041269,15.00042570453892,0.02246267,66.6721725
2400220831029794304,1.0249457568256846,0.0147376178447245,14.864175225509602,0.0102020775964702,1.9127820695150588,0.028230034,524.028381
2400591572607249408,0.6823492627324829,0.0145713790771202,13.402181506769802,0.0102482516628707,1.6629437734650525,0.015854908,601.2229
2401320617535898368,0.8747115923426295,0.0148680059919356,14.56188026479016,0.0103247871089838,1.6200359610804036,0.032677084,617.678833
2402120031208764672,0.6879737652338753,0.0147874382454055,13.92434953697222,0.0103548453289334,1.6847438359421718,0.018272445,594.646423
2402143705068495744,0.7238324142828891,0.0154287614317709,14.018616400409684,0.0107741739686477,1.2592780155576857,0.018509723,793.612854
2402286121888725376,1.2841496185461527,0.0156494092503767,15.573280573929573,0.0103095299807987,2.282614319167256,0.039311167,438.769562
2402551005407218176,0.7240702666199166,0.0151638675679944,14.709029891920371,0.0105104341992597,1.1804357783508923,0.025573775,853.780945
2402893984315160832,0.9770348397919424,0.0157675864790095,15.33842853413037,0.0105583413039919,1.3164946027340216,0.039711326,769.597595
2403135052239611904,0.980186841974652,0.0149205518103691,15.389035468082326,0.0102926915670237,1.4340963666236135,0.037218843,702.713013
2403185629774486784,0.774621264944306,0.0146979792609491,13.652068210753168,0.0103294256102758,1.60288698887528,0.016018847,624.235168
2403247305504698880,0.8153503934541565,0.014702700523214,14.86834738604196,0.010248192737606,1.2811248330302405,0.026543964,785.96051
2403247816605434368,0.6446318378834773,0.0147060815458246,13.211925066804024,0.0103426691967781,1.98766586965178,0.01571192,502.501465
2403772184868202240,0.9570786867608004,0.0144072438168733,14.045180769622934,0.0101282492151561,2.9789373103300676,0.021397877,335.960175
2404169520882872320,0.7342738747112902,0.0152062144218136,13.685714760646997,0.0106030930514886,1.694148005502071,0.01828644,592.413391
2404239163777435008,0.6647171228680675,0.0149322455868084,14.125000375164422,0.0103577759524775,1.3245557221886664,0.022706432,759.668396
2404275761193952640,1.8588632213824772,0.0147225392312509,15.076849878137464,0.0101026845015441,6.3073494263273675,0.028043313,158.483231
2404416120725033728,0.6538936047471243,0.014575649453305,13.06092080180504,0.0102548971695389,1.4062666984070764,0.0154054575,711.300781
2404540984014243072,0.8588598644267377,0.0146492678142719,15.005745985551322,0.0102270182150037,1.176929778295773,0.030350074,851.336243
2404888223530333184,0.6512126825177342,0.0146758040427376,14.19444044916826,0.0102866931583199,0.7902266063469688,0.02453387,1257.60657
2405102215980650752,1.033692385844082,0.014602323118813,14.51598392114039,0.0102049904463079,2.174225468971839,0.0331655,461.317108
2405270471324329472,0.6632798618524481,0.0144413728785462,14.340753176759277,0.0101456854779342,1.393713183787762,0.024810225,719.130554
2405275659644445824,0.7519574196927279,0.0144093893173496,13.718057232778602,0.0101295208005299,1.63551305571843,0.018934181,611.812073
2405502678731269376,0.771286400005838,0.0154316846571526,15.274489609212123,0.0103399405575651,1.111784390374308,0.04415261,927.099304
2405850811600424448,0.9380073475503624,0.0149723399026252,14.214492891567154,0.0104246719636949,2.673064210793653,0.02452559,374.657745
2406358511094724480,0.9592400532944312,0.0148588567556214,15.049475570337304,0.0101426907422688,1.6470692348227178,0.033720095,611.424622
2406589511615748992,0.9752104897294768,0.0148515631385081,14.367485303623624,0.0103882132483683,1.8991737863451736,0.024089595,527.640625
2406595593289460096,0.8416893253103989,0.0146389550260696,13.909119241331489,0.0102233198716122,2.292011746819178,0.0344758,438.473053
2406880091923022976,0.8380132420115813,0.0158298890299733,15.11551027347975,0.0109712284857611,1.1005582257794946,0.029817173,909.052979
2407491660905720192,1.1387409008811422,0.0147445617524692,14.342165018874628,0.0103237842963541,3.3580960597923113,0.027922375,297.501984
2407523237505848704,0.7346891087569308,0.015757471617222,15.135061556438782,0.0107318276613912,1.1221653880217608,0.03489425,902.826416
2408397314890224512,0.8850201653202947,0.0157415281468283,15.217515652391558,0.0107232551894542,1.3590812453873633,0.038565207,737.663391
2408516440103117440,0.7040296141295361,0.0149986490152949,14.858346790673618,0.0103931087745082,0.8740858592538427,0.03339579,1138.41504
2408599247072618624,0.9000938871797252,0.0157209832517904,15.430003961222283,0.0107068260282531,1.203927324571079,0.0477431,840.060669
2408922911512855040,1.8573425418100404,0.0238321244334375,16.70255208108504,0.0103337871141658,2.3298931765206037,0.098671906,431.61322
2409516201115269760,0.7571283323380817,0.0144875285529848,12.72833703683958,0.01020280222873,2.709364973622592,0.020770062,369.41153
2409663849206286080,2.0494616587362184,0.0197826991555331,16.184010696713987,0.0100738936726987,7.247618148001808,0.052928086,137.884354
2409893990733726080,1.012808495833698,0.0150866986073384,14.973266356447429,0.0104886401644905,2.085825037187407,0.029973697,480.492615
2410927978340051584,0.8183146754748699,0.0155892518220742,12.050663554357556,0.0109281179497399,5.374535371881673,0.015187754,186.076614
2411090839205233536,2.443285673367742,0.0289060528291069,16.828807949847818,0.012126859093671,4.91403425405187,0.081098184,204.72258
2411637438218417024,0.7937748463924178,0.0152702100867103,11.577208676279945,0.0107217670662611,3.7612440221415295,0.021192074,265.865387
2411728182287010816,2.2743170000000017,0.0157178631127442,15.559826,0.0100179705283067,15.918827603710104,0.0458021,62.8340492
2412092288843648,0.8845971277694488,0.0152410315087076,12.097506219879168,0.0106982298315165,6.055596773398402,0.015699694,165.200043
2412843499394785920,0.8394494090195221,0.01556806599178,14.74736522086296,0.0106944249885732,1.2497062266806207,0.03311247,801.145813
2412903972534402176,0.739778555299046,0.0156311282198066,15.26698084535338,0.0107624360695005,1.153326761952609,0.03146213,870.978088
2415178759013044224,0.6964224713552263,0.0150541936706802,14.309576358109622,0.0104240222061239,1.4901106466599785,0.037029393,676.875671
2415243733278993920,0.9790859999999988,0.0141498597960699,8.706769,0.0100011716304669,27.70416317712394,0.028038453,36.0858269
2415266754303580800,2.320620424331274,0.0189140370285985,16.71599084938832,0.0101757278417546,4.496821496906825,0.076023884,224.070358
2415317366198287872,0.7613743786019315,0.0148903420753126,14.180531987208049,0.0104527903790348,1.083754914452359,0.026838785,929.4599
2415417559194579200,1.0002735376176974,0.014921893823162,15.265016366054148,0.0103191116016048,1.3215803799201642,0.04189733,753.753967
2415419792577610240,0.6476097350261953,0.0143542464234148,12.8346448279314,0.0101273796461573,2.1058852952871323,0.020854745,475.334442
2416601595779276544,2.34736,0.0143524480248263,14.193041,0.0100057543092309,19.394331856870096,0.02401616,51.5568275
2418543986148536448,0.7364927980959697,0.0148680904980553,15.078111040430311,0.0102877333777775,1.0533475606911928,0.03249936,952.978638
2418577383814331776,0.7902296909076341,0.0143650527472657,14.10400229933686,0.0101034520709027,1.859099982468364,0.024577571,539.927307
2418609063493154944,1.9007593067549815,0.0217785396988005,16.313925375374527,0.0101165254140568,2.7490956513422997,0.06221128,364.854004
2418653937311398272,0.8191640043564064,0.0144581916189771,14.17424120444844,0.0101581933501537,1.8624405349751596,0.020957315,536.988953
2418683246168266624,0.7018791055436875,0.0147858093493576,14.79877340260041,0.0103349493430314,1.0232484718903911,0.027633458,982.654907
2418788318247998592,0.7965035172069921,0.01520060894666,15.24645387790876,0.010389780227239,1.234078381219445,0.03686153,825.384644
2418847657516207360,0.826651520654822,0.0145457862700544,14.031423845754611,0.0101657112353139,1.766839134141477,0.020756168,567.208557
2419215306717450496,0.9137277674580162,0.0147780232007555,15.308599456475484,0.0102494153865025,1.2318994004182502,0.03698163,815.086121
2419294986950327552,0.7806152322950787,0.0147799600256691,15.086278769445077,0.0102960853293604,1.1703235654020396,0.03454857,867.940613
2419517569335274240,1.8652717075125136,0.0144968366002672,15.322090090138918,0.0100824399993982,5.399516545609126,0.032920696,185.382721
2419609653434185728,1.863637635944644,0.014695037709477,15.426461543003205,0.0100953244970272,5.525777365446935,0.041095737,181.12355
2419806637814020736,0.789371055079668,0.0144478708312619,14.320525233554134,0.0101481988871106,1.5692091023087886,0.025403164,639.324158
2420193597187531520,1.742196999999999,0.0141834228453226,12.982018,0.0100038346670988,22.52587842157425,0.023852503,44.3927879
2420238264847460864,1.0786039145874298,0.0148112850199811,15.424223643122234,0.0102422346335263,1.5271030553088367,0.042529553,659.787964
2420495069531972736,1.0217290822763887,0.0147463820324023,14.554924060329467,0.0102123899320976,1.9764257139831736,0.027780343,506.793396
2420605639170116224,0.6453738532664379,0.0144818317545802,13.20888045575598,0.0101996683782764,1.3208447304408724,0.014571105,757.319092
2421054995829330816,1.1356683030427583,0.014668170600544,14.932642416708806,0.010226184295035,2.351055945970734,0.032123487,426.122345
2425001624096998912,1.8827960000000008,0.0141740399757772,13.205009,0.0100026136435745,26.118062050889097,0.015887205,38.2909546
2425510624965754624,0.6566371794111798,0.0143465846600678,12.076957657519182,0.0101196483062501,2.2802130381085903,0.017272541,438.484802
2425525403948681216,1.8233230893909167,0.0150984825735764,15.701066032758922,0.0101978573389164,5.236442809007757,0.040281955,190.553131
2425555296920969984,0.6117551730585132,0.0142702766673695,13.25472908727159,0.0100542628452258,1.637650585406497,0.016814483,611.922119
2425695175415845504,0.803584607064669,0.0151366116202492,15.12167155683783,0.0103275003501674,1.1690869097839105,0.03544453,864.136597
2425998400108268288,1.4154558799903387,0.0189151765618862,17.367727366373792,0.010853870208933,1.3326857845441624,0.110658295,824.464783
2426267161980986624,0.7200227148245846,0.015346456510603,14.946685907982076,0.0106246884336703,1.0984190336364412,0.037159815,921.410706
2426429580463811840,0.6765642322998461,0.0149000101469103,14.12683202248082,0.0104132843623272,1.3819830971874707,0.025652152,724.43634
2426490981316407808,1.9079973597479716,0.0261931555836303,16.91992823932482,0.0104585178039048,2.494090130178618,0.08525679,403.295929
2426502216951165056,0.8153222179737178,0.0148381110754309,15.035203309881991,0.010345749493979,1.2100353430409123,0.036467835,837.3974
2427039431460321536,0.8750110123373602,0.014451879706582,11.923072904925371,0.0101764281906526,5.064437934540014,0.019307276,197.65712
2427069874188580480,0.6745014871081432,0.0141520070731151,9.111519107332503,0.0100050053193428,8.54984224084822,0.020642687,116.972565
2427151787804821248,0.8399076223491716,0.0146971451765774,15.119642443180378,0.010200727086577,1.3083886784376506,0.03213613,769.235229
2430294088957506304,0.9334815638062436,0.0155174144014913,13.852633387029362,0.0108624718814602,2.8525119792696048,0.017693773,350.726929
2430306527182797696,0.6668838144378646,0.0149052798766636,13.874626841625847,0.0104626887065481,1.2934761758546065,0.01992883,773.25
2430370848612993152,1.1369453482205285,0.0151134815250861,15.360208914639218,0.0104535238100665,2.156237467911402,0.035111528,468.473297
2430472656517767680,0.7163114251667694,0.0152064308307343,13.92819811006436,0.010633508690374,1.4261484022323587,0.0211167,702.997803
2430787151203111424,1.6284240000000008,0.0141609417033884,11.027369,0.010004044216702,22.543686782258032,0.018492837,44.3579636
2431771901304874112,0.7479912169688138,0.015015457334499,13.64043005856754,0.0105372917538099,1.3695678789556596,0.017974759,727.824707
2432049871588053248,0.6237744744844299,0.01433424554168,11.83707476118212,0.0100965638896844,3.4760284362995817,0.017068278,287.32428
2432325436689755392,0.6952548798688873,0.0151153220252223,14.526947317715624,0.0105556889196712,1.2591934854783748,0.024939544,797.210327
2432562003488714752,0.9762577157459864,0.015482883410557,15.18091863855589,0.0104209882195364,1.2752827229079555,0.03375584,785.091187
2432621548914987648,0.8400821494304267,0.0146841177291113,14.68830916440825,0.0102478869229388,1.686728077683941,0.03233514,591.828125
2432687515317088384,0.8673491603747576,0.0146972483224369,14.955633630837006,0.010268960240853,1.261311285446706,0.031095264,796.413696
2433787473621499520,1.553061854457711,0.0294734556055204,17.88096392776546,0.0101793681225503,6.675105757616524,0.13530847,150.027054
2434551294900863104,1.0517129287145888,0.0147914022145485,15.007832817810682,0.0101669794972694,1.6762063242737737,0.030986954,593.771362
2435009722531601152,0.6950146413563172,0.0153553807462899,14.127733765206138,0.0107579465842553,1.3118274160760568,0.022868574,763.044006
2435229075100812544,0.993179662555312,0.0152458183219723,14.692314125317534,0.010642885785877,2.07393985922801,0.029780388,482.742218
2435263984594907648,0.7762939957989285,0.0151927094367532,12.513951989552917,0.0106668149746759,2.2700675061286626,0.020681256,440.029053
2435840674147350272,0.6981774634912921,0.014336181871773,11.703369008945833,0.0101133836361265,4.005908569664269,0.018137792,249.339828
2436582745712566528,0.7982627112362667,0.0142927137377226,13.591549218318196,0.0100381456315457,2.4664682862563394,0.017006299,405.475952
2439291667485442688,0.868404011270995,0.0141635095582587,9.93733856995839,0.0100030787826571,11.765138654478458,0.018206596,85.0134659
2441260755372882944,0.8079494922190223,0.0156478091519479,14.42564523331915,0.01091729621791,1.2661329043487708,0.029270323,791.049805
2441288827279162624,0.7327060886239394,0.0156678477785268,14.53983228068835,0.010930528573106,1.261373612761569,0.031236565,794.878845
2442336386982880000,0.6266602929562753,0.0149463001783575,13.529798857487895,0.0105086924854312,1.5200969028208986,0.024734747,657.803955
2444337223266568064,1.427754872784178,0.0152123255934872,16.172537098369776,0.0100461118883877,7.429103082728789,0.07888841,134.301819
2450167211874101632,0.7209771534162726,0.014432773339977,14.550046569117288,0.0101274983453888,1.046633218904166,0.021630116,965.230408
2450256753352343168,0.8118500903619918,0.0144077692749907,14.768119712580171,0.0101423894079427,1.1743528680668536,0.02494111,852.693665
2450331932459837440,1.1622657169410369,0.0142911690833867,14.809601267957571,0.010046271430029,2.1948891753584356,0.029342216,458.990082
2451036135297480064,0.7893000505264438,0.0143155325248323,13.238943263596523,0.0100974416640789,1.98010266169912,0.016772037,505.842285
2451071422748793728,0.7730143563701901,0.0142979061669317,11.870100397520778,0.010097849243238,4.7154427176546205,0.014008305,212.076477
2451591285590505216,0.799070971049049,0.0144561384411644,14.548973589970217,0.0101786179951399,1.2679194236752256,0.02200736,790.201172
2451885920347036544,1.1936394732229454,0.0143404255763251,14.092484720031246,0.0100836723069499,3.192920394647084,0.019787274,313.056488
2452094552678372608,0.6126911337954174,0.0192585565820691,13.408144696282289,0.0106442623570797,1.307452084493148,0.015911978,761.580017
2452172755442910592,1.9930734971429784,0.0156646348411697,16.34426951633368,0.0100200793007345,7.725055130167666,0.064962424,129.532547
2452211513227614592,0.7211284170842559,0.0144167673501167,14.96448892876387,0.0101321842791917,1.0789609562436888,0.028260482,933.267334
2452283359440518144,0.9461269291610768,0.0142941007714616,14.29409799420845,0.0100792964911174,2.2423596079920944,0.019531421,446.29599
2452732922257746176,0.9865404693798944,0.0144987229330764,14.429487649735444,0.0102144095794818,1.8969699264387985,0.029145496,529.577454
2452793842073606656,1.8250735753016305,0.01843610345052,16.835400626907955,0.010172410616033,4.966854909179026,0.072245196,201.453903
2452980965208415104,1.0417310308314656,0.0142877713080775,13.74683111943348,0.0100561602456302,2.8830590597974197,0.018830972,346.684082
2453375930401242880,0.7565498070140547,0.0143937715699797,13.99098845456196,0.0101285530965098,1.2732276244938252,0.020275634,787.044495
2453683553139013760,0.695688225308839,0.0148717581077581,14.975864730674756,0.0103431405992252,1.061565930370492,0.033830732,958.625732
2453836213456877696,0.7829027799808348,0.0145100244361354,13.876560836331423,0.0102177860499131,1.7455101181369523,0.017403208,572.127686
2453962176257055488,0.7435477715211922,0.0146488755474406,14.047968377070749,0.0103067788983998,1.667303635758454,0.022223733,602.462524
2454004095137805184,0.7754215745226644,0.0146268763614317,14.077208630262428,0.0102915379223552,1.973349662115905,0.022498485,508.353973
2454192455223546240,0.7511948866630115,0.0147057898539005,12.77442230648212,0.0103608953265002,1.3792078263432266,0.017325277,725.143066
2454322575552657024,0.6417197034097581,0.014912190116423,14.51002759319685,0.0104534544846836,1.0328791506077135,0.023029124,970.871094
2454518941457847040,0.8117237443098715,0.0146237334251891,15.297726097483023,0.0101529798047303,1.2202406177459393,0.035072327,819.220642
2454571236979638784,1.1175785973371188,0.0143035158398959,14.334717770699728,0.01007613322949,2.1897825931350594,0.022447556,457.371185
2454697096701239040,0.6934316782430743,0.014371918160175,14.357035174658074,0.0101155719026135,1.0471251210013546,0.02174049,955.230347
2454762723801508992,1.944426449060623,0.0165905595309775,16.505713158132764,0.0101226355441154,4.024235582476717,0.057199378,249.272232
2454905213636466432,0.6732537606706245,0.0143622625584748,14.413571597261798,0.010101184116062,1.046665571412959,0.020537097,956.964844
2455119034288596992,0.6536752985049197,0.0142794213221958,13.881717291816903,0.0100724811461413,1.4435479789105945,0.016207758,691.522034
2455221735546651392,0.6905970257375583,0.0145157079959228,15.440667361518,0.0101172798810619,0.9414624575538092,0.03337772,1069.41809
2455489294829672576,0.8311246056724858,0.0143730952465478,13.65737695853654,0.010137188017718,1.963652353903631,0.019402377,509.913361
2456151235188784896,1.2806766696595249,0.0143874675571461,15.155850971819287,0.0100805434471243,2.438893689247671,0.034523208,409.428345
2456162917499856640,0.9031739645885468,0.0144521199340802,15.39886248440766,0.0100857873380539,1.246982071112788,0.04108278,805.787415
2456176523956215040,1.1116611451230545,0.0144011833978055,15.023111822038956,0.0100920247968307,2.021718002798028,0.031434666,496.183899
2456227067131330688,0.902271413634364,0.0145854149256626,15.428034281737322,0.0101932298391933,1.0637302277725251,0.038960088,947.07666
2456396426282244096,1.1475619781248811,0.0145426637087668,14.649984067168356,0.0101169764590472,2.5201778697197814,0.029395992,396.652924
2456420340659855488,0.6126333376726597,0.014439026665648,13.37745621167973,0.0101375407050176,1.6785949472832888,0.025605643,595.135925
2456577502102940288,2.0082856174955186,0.0215295167492573,16.963739307999912,0.0102716895140297,3.191340897552093,0.08349484,311.776093
2456804345095798912,0.9134565923892456,0.0149558169404369,14.792690550593498,0.0102621515044448,1.3987879128922216,0.033797573,716.564453
2456988410214425472,0.7932240982295604,0.0144685726477467,14.001383223978507,0.0101611978350581,2.247345480832959,0.019273013,444.933868
2457355028622454016,0.6852988445486526,0.0144306891448795,13.409973368883504,0.0101492796962635,2.030279935621727,0.01794773,492.372467
2457422201910553856,0.6519275247818563,0.01453704091609,13.92737619141134,0.0102430920298453,1.306746562955718,0.021877741,766.383362
2457951204443433472,0.8074803304668708,0.0145027251711045,14.938815490891916,0.0101906041393075,1.4716266091830927,0.026584802,688.375793
2458265767848052992,0.628345929333263,0.014326626122913,13.057251591389695,0.0101057585912304,1.4512928194569572,0.015284376,689.227539
2458668807578374144,0.7435992223139012,0.0146490661945163,15.16278729880307,0.010214600618021,1.0273687455754634,0.03405855,985.520508
2458749759122401664,0.7652349188571591,0.0149814004231077,14.792241147647209,0.0104071527590154,1.222422701176074,0.030795515,821.784973
2458750270222782720,1.8313046621536613,0.01741692793479,16.80334146837588,0.010523392005322,2.5713642500039766,0.07596244,390.688507
2459087893307219328,0.8405977811071648,0.0145554586714152,14.550587136304005,0.0101782903695273,1.8065214533328984,0.02420483,555.712769
2459393488820252800,1.1352131902300546,0.0143150213999141,13.817231474797854,0.0100792031794892,3.4297248578490995,0.016782396,291.328308
2459447845926358912,1.0354944408821372,0.0144907977388698,14.580964779312366,0.0101731931979819,1.8962407549001512,0.025041461,528.070129
2459517321317260416,0.8649066669995511,0.0146336428828599,14.57947365681028,0.0102613653235587,1.601136565358849,0.022481808,625.918335
2459789622243828352,0.6175835320005263,0.0144164737935443,12.946898009076063,0.0101583313185711,1.036147352768847,0.020844903,964.084412
2460531414635470976,0.8558731014310723,0.0144067917227764,14.04064644559108,0.010132483960445,1.6446021898441483,0.019788316,605.687988
2460600924386162432,0.7868412843057946,0.015018565766337,15.306151165417123,0.0102890820046751,1.0798110498675575,0.032769118,934.953674
2460609067644144512,0.7195077067490344,0.0147104278034015,14.639505600786896,0.0103082928023668,1.2646644190647855,0.028676104,796.99939
2460725959474088064,0.8135663955314011,0.0145522663720872,14.202241506233111,0.0102238441512807,1.8915397311381537,0.025680568,531.282288
2460807873090361728,0.8808261227943255,0.0145416331147253,14.539259668001751,0.0102091004702372,1.9451689725493,0.024430946,515.991211
2460875183817945472,0.692750903970787,0.0143885943766987,13.605727078045886,0.0101421027352895,1.4890133179197285,0.019600686,672.951782
2461126387865186304,0.7936193037635668,0.0154197306991724,13.772787836972046,0.0101452652901118,1.4700024604925397,0.017030777,678.498108
2461173220188515200,0.8261618564411604,0.014613179253157,14.675684173685417,0.0102196005251288,1.4714549408344126,0.02780858,679.988464
2461345362477739648,1.048597395678908,0.0142645116777528,14.367784111841788,0.0100498460870503,3.114251266091474,0.019983497,321.415039
2461403774033034496,0.7772313616958055,0.0144828091022159,14.31759128420821,0.0101806437300364,1.6899795117692284,0.023744866,592.806091
2461509464588207488,0.94229050597111,0.0142175581943641,12.42491067121357,0.0100403694419236,5.2729941259036215,0.014531222,189.549149
2461725930940025984,1.0187096924990775,0.0146182563229776,15.325023393176204,0.0102239190725906,1.403564874141381,0.030899515,710.048645
2461788396944342656,0.6116095497343976,0.0145762587537219,13.781469800824308,0.0102608060408365,1.1218112268920526,0.017717225,891.086182
2461840005271361536,0.9634385633362332,0.0144741719109923,14.244237986615712,0.0101666448580783,2.756607767228878,0.021132182,362.589386
2461894809054055808,0.6515062441278275,0.0146441244065308,13.132933379217569,0.0103094836189986,1.454116831039401,0.014803024,689.038696
2462067535458720000,0.801218778991955,0.0148040247835978,14.9683086867425,0.0102882506672196,1.1908228040011588,0.030331159,846.409058
2462370107314874880,0.7910056570561441,0.0143538397178793,14.37704689931549,0.0100945761034307,1.6836389959127604,0.021129541,596.087769
2462399347452243328,0.7108607316298472,0.0144737428100269,14.875043746382447,0.0101361561648866,1.089100038153533,0.027695268,924.004761
2462449924987364352,1.117097356041568,0.0144039775039443,14.87676916444745,0.0100489302016511,1.983973396451216,0.027114118,502.605408
2462878837601040384,0.632340590701124,0.0143191740643607,13.209866006206262,0.0101046846155394,1.088564667910498,0.018182257,921.626343
2462951474088091136,0.9458080622888598,0.0148644958024748,15.385856724324238,0.0101626820645206,1.3676926416277866,0.03493565,737.08136
2463285205931137152,0.6784658314458831,0.0143689470989589,13.513562723997095,0.010128540482241,1.2042241981414308,0.014890806,829.281067
2463455084773114496,0.7711221744201572,0.0143795691818007,14.042494984546016,0.0101158798494007,1.1654874503346533,0.02092086,857.539612
2463631693828427648,0.7644166760113226,0.0147119716074519,14.949487289038585,0.0102687990518373,1.0665019864792469,0.028548945,942.173889
2464154850909235456,0.6725666109566604,0.0146434234453038,13.57410406306248,0.0103085214302706,1.4022378098112185,0.02609682,712.184998
2464205359724672640,0.6986400760260613,0.0144313398148121,13.662191075023152,0.0101610311943758,1.52426565611456,0.01876118,656.668884
2464809476940235008,0.8608818487849346,0.014503381893563,14.730122737751364,0.0101652844669906,1.1991586113605477,0.027155617,831.57251
2465194065491935232,1.1254503938571858,0.0147755140679085,15.251335691896656,0.0102542381828117,2.216273362379515,0.03212372,453.433289
2465562573685694848,0.6488822826161259,0.0145283880534958,14.269298566547512,0.0101869082549244,1.0203215993063932,0.025471743,987.015564
2466609721072311296,0.7807539635576368,0.0145538736504417,15.25581381899994,0.0101270126124751,1.0281250699598907,0.030736657,985.673828
2466844604243721472,1.9081678996933027,0.0152160469293149,16.11584757108479,0.0100356559405974,5.098759326457348,0.048459046,196.454025
2466977645150663936,0.8865439175768025,0.0145155081530627,15.046522920019603,0.0101614786360518,1.594544552500915,0.03063059,628.239929
2467130545986510080,0.8002424278416747,0.0149440667577609,14.861419965053464,0.0103928912534622,1.3638354129768195,0.031298995,736.073059
2467482527146263168,0.7286438858265183,0.0143323195535532,14.123862738298117,0.0100923151777612,1.1729602825172505,0.023574758,852.695801
2468092446862554752,0.8972893755462817,0.0146673430219127,15.23412121381602,0.0101530879493284,1.1387306446547356,0.033828106,882.060364
2468176387703390592,0.7751450112041474,0.0145029988360641,14.992188805908166,0.0101657531404516,1.2977294410090998,0.028935904,775.281433
2468293863648046592,0.9464626142802294,0.0144382962639235,13.345011890235112,0.010175751859191,3.2093646137555556,0.01622021,311.530365
2468563793753383680,0.7839293905025492,0.0143665003967061,14.094470678224,0.0101121420436693,1.469670181798788,0.020808667,680.363281
2469362760749662080,0.7079254303127775,0.0146153201886767,14.59018796977429,0.0102791457446039,1.1221937680897125,0.024162544,892.220886
2469396673811649280,1.2691352395896904,0.0152102802179413,15.4286254480297,0.0104038902832622,1.8709035727888548,0.03538085,535.703308
2469892072519232128,0.7177580654543266,0.0143719933083797,13.009735292114923,0.0101359813850934,2.4724634797496567,0.022727368,405.139038
2470131113219840128,2.465094999999998,0.0146228470723821,15.49645,0.0100083290410948,20.814122596379004,0.038829796,48.0067368
2470163548812780160,0.803946116359689,0.0149498322345833,15.178332905103622,0.0104138003060999,1.0467297603411612,0.03398828,963.234009
2470560163272435584,1.157800135584109,0.0148543935136399,15.35101389582533,0.0102946139474672,2.304234118329989,0.03784029,435.989349
2471044154546704384,0.8720722324733134,0.0147480872743831,14.907714664458704,0.0102234079932149,1.5049648026306797,0.033165593,666.588318
2471471417893816192,0.8898733865797368,0.0146756122530114,14.985105501238284,0.0102839002276076,1.5282799531749476,0.0319875,656.371887
2471735060166168832,2.163022051249733,0.0157582637806163,16.415227371515833,0.0100591918900362,5.693057203411138,0.056291755,175.682236
2471923179733231232,1.8248639189726024,0.0186466376612263,16.75021898806146,0.0111708309440236,3.487208517410318,0.07190946,286.923798
2471999355273157760,2.035929338415495,0.0200506419659305,16.57016690075018,0.0107238897290917,2.620308491477404,0.06923339,384.136719
2472164831773042688,1.0750970619815408,0.0160691980127505,15.439425653519214,0.010955176180601,1.511134640710701,0.041925367,665.043762
2472501213612049152,1.008389780778836,0.014616200704839,14.91980377732325,0.0102167387913799,1.6150262201803398,0.026753467,619.023682
2472505096262518016,0.8905395637007603,0.0143943487815215,13.944516495786685,0.0101310180652601,1.87134921953946,0.018651413,534.330811
2472612710963092608,1.156843723461802,0.0146464346045816,15.38958363513647,0.010162270493782,1.750019564565899,0.033601776,571.728088
2472670160445506944,0.7321692397934125,0.0144933479111739,14.506288622753036,0.0101577385401001,1.2931300209219203,0.024872072,776.047913
2472754032566849664,0.6161997173344748,0.014419958434898,13.297415811082086,0.010166083724445,1.4247629395076296,0.016098794,701.252686
2473833959144236416,0.9896505718143556,0.0148716118792058,14.954073615403214,0.010362449977242,1.5968243984186987,0.028640782,627.403931
2473896837465226112,0.7496381456470068,0.0144698161772957,13.922615072434596,0.0101936965697676,1.3252333163452197,0.021534042,756.005798
2474123783537293312,0.6498323796048386,0.0147219062336711,13.367323720358884,0.0103592561248595,1.6496336331967534,0.018149236,605.384583
2475684918249285888,1.026518933830619,0.023505205438867,15.002111604824112,0.016079669311621,1.5206211118246014,0.03959456,659.1203
2475945536865526400,0.7186830411123034,0.0245087660049851,14.112297192342876,0.0168427470311396,1.1020073064474043,0.021485819,905.489075
2476040747700315904,0.6947806029868646,0.016959324311101,14.253610834761831,0.0117991211636382,1.188500066008451,0.022426834,838.017517
2476406919432372736,0.766877143660747,0.014197609094796,10.95115465217513,0.0100331388423407,5.669406040893082,0.02207842,176.485352
2476997563334094336,0.9437807118077324,0.0148778166470916,15.337640957908718,0.010238045704121,1.4421929622688827,0.04053244,697.299744
2477129539089270784,0.7982594311477507,0.0145766341799769,13.473077602120036,0.0102661570247921,1.2612532174726412,0.019460376,790.622925
2477475507295084288,1.8747472579759077,0.0161502838699187,15.866341652646463,0.0110343917386914,3.2023846626533112,0.054198932,311.991119
2478225923980883328,1.164866756787046,0.0158244412581518,14.859477368292929,0.0109825261516185,2.2727481836845342,0.03246851,440.747101
2478629410388857984,1.9208706340744173,0.0155256869289399,15.803132615701491,0.0100693007233682,4.451611780839123,0.04414615,224.560715
2478864121761229440,0.8664879743919647,0.0158169822532878,15.386798205315404,0.0109771089961586,1.4263357657311315,0.03765784,710.047668
2479054509071800704,0.8287250281633822,0.0146885158349759,13.935136581648692,0.0103130766622715,1.989862067985352,0.02177636,502.16748
2479421947818224768,0.7287677122643876,0.0143625202612087,12.50107398783681,0.0101362404969652,1.9305001634490864,0.015051726,517.4552
2479453112100974208,0.7728941181620375,0.0144340279228576,12.59382753566549,0.0101793795363093,3.1613691488256976,0.016748931,316.227417
2479465726420273792,1.9654271495213325,0.018307057543624,16.660176244485065,0.0103754793103984,2.7624524174250413,0.07187425,366.313873
2479640651848323712,2.138385173491398,0.01744457815003,16.583933825386715,0.0100191966049087,8.926398731402976,0.0587835,112.127953
2479649825898462848,1.16899231679796,0.0147843034011468,15.192206026522012,0.0103152703107062,1.7966032584800338,0.032169495,557.835388
2479816023952999168,0.7582296399170784,0.0143152961390862,13.2263509246842,0.0100946466812234,2.6604209152883977,0.014508783,376.054321
2479852754513328384,0.8660038022633298,0.0144959391943399,15.02419368761687,0.0101372992937322,1.2251236345111425,0.028313508,821.327759
2479991739654936448,0.7068458534383552,0.0144954099835877,14.679819308384657,0.0101580991991809,1.095541195534678,0.023015564,919.506775
2480049047403522432,0.9575342250196452,0.0144857520245681,15.129137885085957,0.0101144032478448,1.7158215962862349,0.03456393,584.338013
2480257134274092032,0.9029389486218576,0.0159689685174043,16.304202572548775,0.010228590120075,0.8935452982891984,0.057111416,1180.39978
2480509472192671488,0.7940810720242961,0.01451751701849,14.687622805876924,0.0101726612274168,1.060059386237873,0.024708625,944.280029
2480517306212980224,0.9247564572234398,0.0144556637694804,14.286410510288846,0.0101381013706922,2.120305780946816,0.022491522,472.320679
2480600525499272064,1.2765537969057306,0.014531946307051,15.090247536945814,0.0101619867066451,2.7263969813608737,0.036444787,367.79776
2481155022957065088,0.8489582197877132,0.0143302580834269,14.54414654458234,0.010056558454701,1.8831156598314496,0.024008352,533.642517
2481369973184793856,0.7552327029189972,0.0144963978278243,14.507316834390044,0.0101431240395446,1.3686203498506433,0.026574196,733.097168
2482342220637297664,0.7881890366796066,0.0151913158524041,14.500722079758376,0.0106123673232868,1.31868035269924,0.028331118,759.031799
2482565936893838592,0.6415353599067601,0.0149297298108011,13.622416354640276,0.0104895791846619,1.1926832986324991,0.023594413,840.594238
2482624657686782336,0.9003094579232943,0.0144633160366501,12.956302107267504,0.0101939000656512,3.84393890129385,0.019757155,260.049744
2482717875656982656,0.7608554429935881,0.0189673897140661,14.052108088430847,0.0131427233742477,1.092228244043775,0.025400918,915.642517
2482814254723189120,0.7694508039014565,0.0168366670875207,14.014866068470337,0.0117145864763804,1.7237909675778769,0.028050516,582.978149
2483609957544052352,0.8153084659136257,0.014859947779198,12.985545124953632,0.0104515525288668,2.497844920613222,0.015895411,400.740204
2483758941369570176,0.7744190930609648,0.0150401271855035,14.87985008819637,0.01051615366495,1.2046502533191037,0.02856172,830.335938
2484004785297728640,0.891116320234054,0.015038573102542,14.97538682485392,0.0105048650460463,1.187337577731031,0.02871416,846.397461
2484694247807854848,0.6296509856997917,0.0145695783161884,12.47989445694222,0.0102686520428511,2.3590290636333413,0.016449146,424.100647
2484957546482837248,0.6403843273893494,0.0158299362576184,14.2652005867075,0.0110447921854451,1.1273307075097152,0.02701346,894.211426
2485171092256828800,0.8788364669686614,0.01552922613079,15.29537189936628,0.0107952109318974,1.2850964983409852,0.03499383,791.273682
2485281868053330816,1.395563131381488,0.0141859656712177,13.596639822421295,0.010008149338822,6.680993683357618,0.01847398,149.628571
2485292210334579456,0.8846019220386968,0.0164767159668154,14.929388110141725,0.0114801622962263,1.2757588893731349,0.031473104,786.927002
2485581244453737600,0.97060846623056,0.0144907715723464,14.066350882217703,0.0102100906917473,2.8526230260885765,0.021279177,350.206848
2487874413392390144,0.7041972722092953,0.0145473487920312,14.871774938918,0.0101213693343672,1.058262794463245,0.027463563,956.238464
2488268618375183360,1.927673979556288,0.0204969993393164,16.854158450048214,0.0101924179359306,2.158342795182407,0.07622908,466.371857
2489262542527095424,0.6904632201873181,0.0142815133668777,12.405937832270688,0.0100748358609533,2.9203559543235103,0.0155454185,342.918335
2489925243096391680,0.6584250376761156,0.0145249007050164,14.238910404906672,0.010157956673028,1.1139477916742972,0.025494568,899.868225
2490391504746134016,0.6675795727479412,0.0144670193792552,11.632127968276334,0.0101948859039369,3.8649565470343625,0.019220863,258.441681
2490531658118869248,0.945486533544974,0.0141803763458179,12.598760074980596,0.0100209705429181,3.974299528419687,0.01973149,251.563232
2491744827465533696,0.6936676991521886,0.0143947736145394,12.661153845353695,0.0101521484103331,2.201448839939481,0.015684532,454.193573
2494601225531031808,0.8774137934564152,0.0146612473351703,13.617692360864678,0.010310091651186,2.726719731498163,0.016802823,366.526276
2494759795723713408,0.7829320000000006,0.0141564881099509,8.924369,0.0100034058412301,16.33106976663708,0.018416123,61.2339706
2495545328062268928,0.6827990291926959,0.0147848660148921,13.812588147779753,0.010375914338616,1.5403282164903829,0.016954413,650.400024
2496301311025893760,0.8598423487207778,0.014548270223209,13.370154131091269,0.0102269557178708,3.296244100792655,0.017875608,303.900909
2496303441329670400,1.1214465025514289,0.0148539664105583,14.456821152574038,0.0103492267329074,2.4118061815636183,0.026825897,414.535797
2496977545036657024,1.0008274201432428,0.0147191689946683,14.287646836544836,0.0103082286732798,2.0454649439488657,0.019874157,488.665497
2497200230501018880,0.8592942862388206,0.0145166526319676,14.421858951192323,0.0101926479770759,2.010516546418722,0.021933816,497.501862
2499546966271805056,0.7764794770660921,0.0143526079595208,13.987468809697692,0.0101054526744303,1.7943985711165575,0.01989464,557.60199
2499556140321901312,0.8508909085092276,0.0147538154630883,14.929961137563634,0.0101554449901745,1.149820520651281,0.025863063,868.034058
2500932900678554880,0.8152759198820141,0.0148118034711338,14.865052026118423,0.0102550155269789,1.311875418021283,0.025827894,764.337463
2503491051919554304,0.6400972262605323,0.0148422991918421,12.236934001258016,0.0104399462809857,2.4502044432063226,0.0145128565,408.262146
2504147219843249280,0.9049880247428947,0.0149935686722585,15.122907178019718,0.0103880396104608,1.2940069042092694,0.03172613,775.99707
2504307233144751360,0.6229494854323797,0.0143770879907791,13.356053470959193,0.0101371511269557,1.505125706562037,0.014815678,664.126282
2504432611830170368,1.0901458583633208,0.0148992015520742,15.515269705202568,0.010262200829197,1.4552534470432608,0.03549736,689.244202
2505336616546524672,0.6550606425609391,0.0146210453859576,15.046067564117626,0.0101204991532041,0.919077437741544,0.0324688,1110.41492
2505384479662264192,0.6904783532673031,0.014355664496379,13.351611105878698,0.0101111549932822,1.4780255772943491,0.019336248,675.309631
2505493842413754496,0.8391925689319935,0.0142330466579245,12.17075584476354,0.0100533039751948,4.103213933774035,0.017547537,243.611053
2505681004204155648,1.0550680128017085,0.0231300769015645,17.23438567094564,0.0100995358193155,0.7681000599821654,0.0914332,1488.02551
2505709007391005184,1.4937268217287298,0.0144965831801472,14.77425544151082,0.0101080926918514,4.696140324696784,0.029283123,213.111679
2506020856376435584,0.8285238587095671,0.0148530751229315,14.93386794557348,0.0103774180304718,1.4498809942769182,0.037195858,695.547791
2506054769438156544,0.9402363761489398,0.0145676159242864,13.512892130221582,0.010236816498354,3.3790509169686236,0.019977903,296.158173
2506781580983911296,0.7212629316931672,0.0144640613058649,10.555748085002202,0.0101977748173568,3.831053330568391,0.01790372,261.177673
2508545919189347840,0.8342649092588299,0.0143330075303895,14.564728950133697,0.0100794146509825,1.2881268511293344,0.0237488,777.058228
2508710708494507776,0.6809918474964061,0.0143646546311108,13.353056851512504,0.0101266455675986,1.334448406612444,0.016685288,749.675171
2508829490110096256,2.258811999999999,0.0142026811051368,13.452829,0.0100041500889847,21.0247053169352,0.018549334,47.579071
2508932328807141760,0.6144069720602681,0.0144249827426394,13.258168419989229,0.0101647285347903,1.256999443465172,0.01579307,795.180542
2509257230202387072,1.892922326398342,0.0177165872058272,16.743571916533398,0.0102270765357666,3.035292879561297,0.06836576,330.553375
2512469419058337024,0.7095893317342228,0.014242767120012,11.065781019947464,0.0100521561129728,5.869250130229609,0.019818272,170.347626
2513514715314457216,0.7487144988040663,0.0145777479266906,11.666129400862976,0.0102760038687614,3.378528066340099,0.020197814,296.195251
2519329585637068160,1.8633229999999992,0.0141715687714674,11.546009,0.0100066200457746,34.83944506709625,0.017047543,28.7040234
2522272153631512832,1.016512074951673,0.016799891694643,15.15634384294642,0.0116487851969736,1.8340248381169064,0.03574033,552.011475
2522456699786417920,2.148460646761475,0.0202462431959009,16.927849894176276,0.0114048695486856,3.0653494762012867,0.08005968,327.487823
2522664266965753088,0.7333905823689497,0.0165972301678256,13.507923628302906,0.0115961969800609,1.808798721085955,0.01651401,552.939697
252302326184341504,2.344457264098915,0.0152608569346835,15.41326155054248,0.0100175953562004,11.294570901424306,0.038354095,88.5908508
2523166984298406528,0.7287369173248098,0.0153550221630539,15.281930382007928,0.0107120842663059,0.9634827414176464,0.03616079,1058.92249
2524038072385177856,0.831992608787171,0.0159347487744611,15.227395942695104,0.0109927647408554,1.135965343257558,0.035743065,886.479736
2524418400329472256,0.8126674630831651,0.0256969587975928,14.764601468214568,0.0176000294153102,1.1172477528154,0.026722824,890.595581
2524445785040979712,1.0579049911248126,0.0179224221766472,14.888801617427305,0.0123958177199619,1.497747744854148,0.032941945,667.342468
2524635141559057408,0.8688189367767972,0.0148519896733082,14.450369082607487,0.0104198104776014,1.8694245771895044,0.024443766,534.704102
2524727122578529536,0.8065868286705105,0.0165657214786366,13.934570895450443,0.0115624029665708,1.3102791998875911,0.020988898,766.839355
2524779349380767744,0.90643380032538,0.0163305613290338,14.579327056795943,0.0113699457622518,1.720592006028854,0.02565085,581.860779
2525159780403388288,0.6675334165693004,0.0152867983711645,13.665842976206244,0.0107216636955448,1.7427768427878243,0.019406116,574.637085
2525230767622833408,0.6879180281881386,0.0145227252449552,13.572471515110024,0.0102296157096864,1.150455187424657,0.017683089,868.249634
2525634528909283584,1.02469478709198,0.0155144140730187,15.225544765170875,0.0108010785657768,1.9263609367417411,0.03241517,523.462463
2525780317279049984,0.7562899922685515,0.0204561856864088,13.668004672881082,0.0141341173889088,1.5722745872046453,0.022980193,637.433105
2526165520010103552,2.1553411689553994,0.0191645319215853,17.035934531006806,0.0102398514286141,3.891611797083039,0.0879123,259.425934
2526207958581929344,0.960032392885807,0.0152070463089664,15.17324933410872,0.0106151767936387,1.701594468955106,0.031903148,589.658569
2526261834651780608,0.7670416408417553,0.0150718428697218,14.573746887709795,0.0105551355384465,1.064925884149201,0.029918445,946.308899
2526316947672113792,0.7202071376868407,0.0158102173423156,14.327601999116023,0.01104563604638,1.3730750901669802,0.024337087,729.614075
2526357835761382656,1.4819601297845804,0.014611165556849,15.175556436803951,0.0101717621539697,3.6723245368182216,0.034065146,272.41098
2526433427185267200,1.0047882344475108,0.0163405808872851,15.086241179126116,0.0113674084043933,1.609731403295784,0.031281106,622.394043
2526549803619600512,0.652658478560192,0.0148208176126318,13.768944998992716,0.0104127696511922,1.058517684364108,0.021142246,944.353088
2526989711350217088,1.321468331002709,0.0172339521315013,15.491688232835685,0.0118385903139977,2.1080463800167055,0.039362602,475.728943
2527521015984679680,1.1243567885514194,0.0175274934403926,14.866994484666028,0.0121165393162858,1.7519619914756424,0.028738398,570.398621
2527787716273484416,0.6712922949427726,0.0154812318231948,14.136395122784132,0.0108426239277958,1.2811532032893966,0.023232328,781.116638
2528116607688979072,1.0780966515575383,0.0155076335162528,15.34805236580847,0.0108115321088031,1.366522986502115,0.036635246,733.21814
2528504322977296640,0.8787487641336493,0.0158529786460934,15.068339147461137,0.0110569830731623,1.2754912078891036,0.029884417,783.89917
2528510301571747712,2.006530540840912,0.0152702714382266,16.359685033228768,0.0100657298753267,6.21417375790372,0.056417935,161.101974
2528510507730177664,1.7021862944690194,0.0142584747405311,14.170098075874227,0.0100480766883829,6.339946072014672,0.024898667,157.702972
2528783113597747712,0.7694645328765196,0.0181826329707392,14.542966003485647,0.0126082657429378,1.2080611129860257,0.027896808,823.141052
2528938045955048192,0.8287433659837021,0.0204768200943062,14.984537638646833,0.0141042891733385,1.124330356729004,0.035447583,890.870972
2529531850952428544,0.6848817696673744,0.0154952728836467,13.384506085393602,0.0108732546944261,1.6089613446958986,0.018800644,621.8396
2529608782406602880,1.3128975006570451,0.0164064988087621,15.495159469778226,0.0113061392710584,2.0992129213939745,0.0402357,475.928009
2529658775826090496,0.7451088827505633,0.0157935549732344,15.150583337748657,0.0109835137955948,1.2244227524322076,0.03244043,822.01825
2531328929692952576,0.7816806837997645,0.014368308959836,12.18679604725912,0.0101397468629973,4.169858759528109,0.01779351,240.100235
2531447784323369472,1.9230347759378663,0.0167233367208354,16.086835264443046,0.0100207679109826,6.184173386335555,0.052803703,161.850067
2532043719625630976,0.96743857337266,0.0151385188440017,14.37428851305334,0.0105833853753651,2.44739831286561,0.025653958,409.92099
2532088971400992128,0.6065428272765074,0.0154054995783369,13.92916404048708,0.0107684579201544,1.029055583472641,0.021511918,977.179199
2532181085564350080,0.881369205629711,0.0162799311144192,15.416272940052886,0.0102839829102972,1.1310264486938866,0.042116493,884.949463
2532386178842839424,1.778604969167796,0.0460813967437181,18.35792311543194,0.0101631049664394,10.71462590590865,0.18149652,93.4539871
2533491432841892864,0.5939727210876935,0.0406313941754036,14.948761162086964,0.027700660255139,0.6261048763574126,0.036596216,1609.94873
2533542457053381632,0.9391338912587506,0.0149799136336435,13.661423678458,0.0105196460825989,2.5104064817790106,0.018974183,398.586945
2533720440498236416,1.0343473175532305,0.0149554768681028,15.231314260410404,0.0103939843288846,1.977398269432265,0.043738388,516.446777
2534484704158641024,0.7946860844022057,0.0143059636472543,11.282444340419712,0.010099624579708,4.472147410343574,0.02786777,223.414734
2534686979938397312,1.477653880683244,0.014644943311565,14.849089772055882,0.0101103682160141,3.8801090976436017,0.029000245,258.470123
2535611944095490176,0.7422712493106743,0.0155137856946696,14.304849688150416,0.0108547068855208,1.1167972143505351,0.02260368,896.66626
2535702138408725120,1.1762144030349155,0.014731719861435,15.265930927347574,0.0102023908825577,2.151292280395026,0.037009057,466.234161
2535703955179323520,1.2534928634636555,0.015030470986677,15.156347063614588,0.0104187370823029,2.072593471527315,0.03883983,484.198914
2535754365211017856,2.316908978017493,0.0195555261530498,16.727901214662957,0.0101730210997265,3.846888369633501,0.079275444,259.644745
2535754502649970688,1.0490268151148223,0.0148819390151325,15.312976552362214,0.0103188142989209,1.4263624150331062,0.052840177,705.381348
2535885928649145856,0.8649432471841935,0.0156207827955783,15.08399832210249,0.0108743776892904,1.42126321927502,0.03458755,706.373047
2540830947835865728,0.7784393308368778,0.0141655341817203,10.50364964898377,0.0100123845225628,8.28258363647117,0.020729689,120.752121
2543544675676774016,1.5296533251543158,0.0214686226108335,17.494327069120473,0.0102823551511374,4.264081321735896,0.11206633,233.831772
2544236238425841920,1.887286809703742,0.0141825827463948,12.842225927012716,0.0100055910242188,12.271218249107804,0.019673044,81.5035095
2553516975557617920,2.2098714024609873,0.0206152674325216,16.744127296711184,0.0120479817673332,3.461218646937237,0.07565151,290.10498
255978646391353856,2.1647929999999995,0.0142144864469565,13.682881,0.0100043553650294,17.808324983434783,0.019071676,56.163723
2560480320135497216,0.717838731489694,0.0142958525959118,10.431067583887092,0.0100929709205351,2.9465847692021145,0.021880316,339.099609
2561227541365593472,0.6259191562771245,0.0142031870599464,10.36310449104758,0.0100381047924682,5.534457830799134,0.026441824,180.810455
2564744466745788160,0.8174695049605991,0.0143541962176702,11.377234180178968,0.0101377718569123,4.281930384078058,0.03292055,233.829376
2567361441858902144,1.174104478345223,0.0142076764032306,12.132792142649834,0.010035782253398,7.587064735045142,0.014081664,131.842209
2568588664341691520,0.895821999999999,0.0205283393020134,17.396435,0.0100712478236364,25.154454795696303,0.10432589,39.7773895
2570384304265767168,0.7741996308270113,0.0146250044292177,11.10095245453393,0.0102963876029644,5.100458966985439,0.022626946,196.197647
2571135339427670912,0.7634049699965694,0.0146348190789308,11.537103274400224,0.0103072739573494,4.886618989166952,0.021185605,204.776108
2573758847185812480,2.350244,0.0150202498927362,15.307564,0.0100353030213743,22.39738279723857,0.04568235,44.6574936
2574811423411066880,1.7709402962915437,0.0143761185322237,14.195651689525494,0.0100032807758013,13.470120318461836,0.02015422,74.235817
2574876840057739136,1.846772893400092,0.0241690806584609,16.531323900466518,0.0134409908206491,3.684255712858652,0.06449416,271.561432
2578713624537779712,1.9068260336868117,0.0145395995775649,14.95992254619587,0.0100274603558121,7.447302135112122,0.033496648,134.342529
2582335342824976768,0.6898060000000008,0.0146094089730327,16.033548,0.0100104879134402,37.66857522903308,0.05042863,26.5516701
2582463886901343232,0.9318347345099952,0.0141877989017478,11.44428136689682,0.0100301022177258,6.702518137531238,0.028796803,149.309235
2585079728143125760,2.3572452548730425,0.020613847112426,16.999775748413633,0.0105558068994634,4.491925974471444,0.078097686,222.041382
2585079762502864256,2.4036419516664806,0.0260095395520244,16.805357617106182,0.0101796541132121,4.565573048667946,0.07033343,219.647537
2594145751269891840,0.7257713186545334,0.0148621776076525,15.09709177825285,0.0103679282424686,1.0898488876892714,0.032602582,923.289429
2594463883791965952,0.7177021110804176,0.0149492370627288,15.03502322431586,0.0104418839131159,0.994694251245568,0.03111655,1013.88953
2595335525930319232,1.4065312165725985,0.0150243223032353,15.618218227302126,0.0102413691611472,2.0801830857582444,0.03758424,480.363953
2596398066479793792,0.7490673815829818,0.0156370451903833,14.572710850045937,0.0108130792813804,1.229230974941434,0.02577411,813.249756
2596482385277755392,0.6994847646206892,0.0153512291986137,14.985547589069547,0.0106048674391999,1.0241939333501635,0.029136932,991.927429
2596690845810274304,0.7054080706029243,0.0154228709118445,12.5125529581252,0.0108287239167141,2.980040951740454,0.016083496,336.046509
2596713282719449856,0.7258708253900163,0.0150392376572354,14.406787860127658,0.0105024469613628,1.3373889310527658,0.022331819,749.945374
2596963005002428544,0.8085265418608397,0.01592098860354,15.32441530394238,0.0109469788578149,1.1569345778122075,0.03120067,877.77655
2597241735495771904,0.8550688388648614,0.0148821417821256,14.381001488775729,0.0104039616323431,1.833357860439109,0.022837304,546.796631
2600456737559864064,0.8163750208179192,0.0150833820368672,11.900467733475397,0.0105892855474962,5.229238894294462,0.019657794,191.362427
2604729680263695616,2.033532456994795,0.0215023558510475,16.86239836457359,0.0117062375912438,3.542319913330204,0.076427974,283.521851
2608898409880983808,0.8573686037110548,0.0293737117502426,17.217127889414098,0.0172555471761412,4.8550896157791,0.09552257,206.383392
2611270026397212416,2.154479502541434,0.0208750947532942,16.921386831731695,0.0105378415567399,2.8918120543578,0.07669557,346.735657
2613209839786538112,0.7561235849354042,0.014577992096471,12.550232598096937,0.0102720830126641,2.4467678893125595,0.017330538,408.42514
2613539620260186880,0.7722217586834275,0.0149017109936907,12.45568358014824,0.0104888808490418,2.7337974304028743,0.014457738,365.732819
2615957416265170304,1.1436434501804948,0.0141739775636738,11.569938738964671,0.0100069251875659,11.671896056803083,0.015171307,85.6757736
2616674778883031552,2.534007000000001,0.017262654193684,16.259592,0.0100199237178175,17.99451500032336,0.05516021,55.5779953
2621927833123404544,2.1033237187720144,0.0254336252276724,16.886514603174618,0.0113552588434874,2.910044006818598,0.09024325,347.121521
262203703269355648,2.5150648593590774,0.0150446371262842,15.627879765216251,0.0100083337741698,12.88512433125828,0.04099476,77.5970688
2624841195339783936,1.6277195383404923,0.0141995203041726,12.039580745158956,0.0100077137576228,14.445725586091806,0.013823347,69.2201233
2626650579162197248,0.7837410970469143,0.0220198255723919,11.56967117087171,0.0151968523151745,4.43244850558317,0.016719123,225.710068
2627896772512920832,2.0093304058312893,0.0188759718774952,15.69817740726607,0.0119880093716704,4.731010939559989,0.044626318,211.474548
2628281945179983360,0.7576208435216515,0.0160323361031745,12.4779393645002,0.0112161242297192,2.642219685927918,0.017214786,378.855194
2628325818271145856,0.8425613366829812,0.0148657051963314,12.13373102092705,0.0104519335398788,3.6330183501544577,0.017117886,275.203705
262956761359278848,0.9809373739291404,0.0491736550261958,17.993778925012332,0.0309970811736094,5.21185036363879,0.1757682,193.299774
2630815357409558400,2.494951000000002,0.015220348144149,15.050586,0.0100229506366012,25.549555893694578,0.03267602,39.144352
2640974054576294784,2.11767594862601,0.0189244947935471,16.497101761418698,0.0111042713703304,4.453941799938641,0.063770555,224.63884
2641745224544187392,1.964704931972568,0.0179529702609092,15.782701313138874,0.0110984897738323,3.5856857996592817,0.04822144,279.89209
2643998600610848640,1.270584605651322,0.028004974993807,17.647492713944054,0.0107814343586598,3.1289871940694503,0.12583832,323.469391
2646192130603302400,2.2240529999999996,0.0141973969775985,12.172338,0.0100090915563159,40.429488199754914,0.022129808,24.7340183
2646332524494295552,2.3443819999999995,0.0143125131048258,13.759129,0.0100058794136096,19.605272988904744,0.018984834,51.0074883
2649580550562004352,0.9074196033965736,0.0144743433733542,11.28287639849854,0.0102012891373601,9.399862414093093,0.016827744,106.360199
2658240166703766016,0.673737107699647,0.0146147305737433,10.072173274757922,0.0103020013003882,5.626537859527632,0.020467173,177.788239
2664547583876063616,0.8325889913775836,0.0145903766846949,11.220805884254029,0.0102757847127905,4.764425701414373,0.024705473,210.007675
2667420504679775232,0.85818783984664,0.0143361338958016,11.692385323581112,0.0101231407993907,4.856402724320749,0.022555858,205.8302
2669920897200758656,0.7955335476726119,0.0145544274914677,11.173448557176004,0.0102629652957555,5.929505027827872,0.024220712,168.784332
2676566272464334720,1.2168540000000014,0.0198569083047979,17.149921,0.0100593314684112,35.77063770231318,0.11412252,27.9418983
2676567307551465088,1.1559100000000022,0.0186072438648593,17.094173,0.010049332999208,35.70119413187298,0.10397367,28.0054722
2677187500829088256,0.7171336536297223,0.0157873766512089,11.184002919404,0.0110579253396167,5.846632196030875,0.018980563,171.070312
2678001723549116160,2.2222654463197853,0.0357262599359099,16.9414468817102,0.0121689301064871,3.0046428621379597,0.09799783,337.897064
2679406139200690944,0.7279891540274142,0.0150014452274955,12.501571318468836,0.0105324357147465,2.460333960699193,0.017086733,406.762665
268180785915905920,0.8345840057920935,0.0142701594668806,11.429530471113708,0.0100817953104048,5.590063485715778,0.020541357,178.941452
2682027031323451392,0.783136308884753,0.0146823067693317,13.332629006561913,0.0102890879125107,2.7316671105884605,0.02180288,366.005829
2685833132557398656,0.718882941909458,0.014511712006685,11.437970372074002,0.0102341337192891,5.587052745485017,0.018797886,178.986023
268608594726484096,1.3890376845599024,0.0141554589507252,11.771589566871098,0.0100014724982985,12.098581029138863,0.015083958,82.6628036
2686185285515993984,1.0956193479980352,0.0189456293544388,17.335258299202064,0.0103262632500897,4.341981242495884,0.09615019,231.04921
2705790020219996160,0.7923959678786496,0.0146770693369796,11.238257870838387,0.0103331698694199,6.20350732260153,0.018062424,161.166901
2708067765931459712,0.767463834915055,0.014594795833091,10.77746664587888,0.0102778269986106,5.590997366985386,0.015517514,178.810608
2714082266334410240,0.9362107262869032,0.0142041936963515,11.107238072736966,0.0100302488578948,8.114436193512665,0.017010095,123.232651
2722849325377392384,0.6863875887146704,0.014389872988636,10.23299410289558,0.0101594832482099,6.4102205378895345,0.017574538,156.083557
2727796436213273856,0.8896136630667137,0.0143390223533444,11.542396988279997,0.0101221396129435,6.1928060165516605,0.017386274,161.464371
273780461200681984,2.247360400481484,0.0142975729934155,14.654492220290294,0.0100069509143896,12.20336620932452,0.026555615,81.9274368
2738373501849706752,0.908766727585514,0.015127572250074,13.33870558611373,0.0106259989900079,3.1001600408465912,0.022420552,322.750732
2739273830073738240,1.8066272261147385,0.0321770918461239,16.809801756427426,0.010327287454932,2.0926466363561063,0.07788278,481.492096
2739612410936824960,1.44811492034699,0.0242087600759158,17.75032525703093,0.0108303034315708,1.035120207410062,0.113502696,1085.41858
2741590432354226816,1.9213615743083536,0.0189351249789826,16.45878985140264,0.010162184297078,2.8841066877302777,0.06423032,348.732239
2742652865528895488,1.2865853874884143,0.0141716211580589,12.033429168833798,0.0100134163827323,8.88109698694495,0.016904758,112.539108
2752213329586862976,1.7402449999999998,0.0141741094297768,13.107819,0.0100020222637853,17.94900148940595,0.015179682,55.706131
2757642889802275200,0.7431513555724406,0.0178253224940977,12.39212776161418,0.0124025324553291,2.4872728504675727,0.014144146,401.960999
2760695546398620672,1.3318799181995975,0.0141607920292077,11.8941191306525,0.0100032031476201,11.016517084768756,0.019293247,90.7504654
2767939747476971008,0.7944470906182516,0.0147958237407368,11.228285449147217,0.0104228473586837,4.901269717970526,0.02269087,204.308167
2768844851705123584,0.7853221936291513,0.0192508276124139,11.21598969194528,0.0133623115450484,4.145784359293982,0.02112877,241.30336
2772110637462675200,0.8912799110594164,0.0167934168115393,12.774590682387116,0.0117230821595783,4.328440956356953,0.01607329,231.074768
2772164930144555264,0.7951891596385049,0.014909191220682,13.273955154854187,0.0104836196574729,1.9766590171304617,0.018346952,506.516418
2777480450389062656,2.4282515702686727,0.0162155600738047,15.70417796596122,0.0100215648592682,11.379487581856136,0.049513202,87.8353806
2781549983441687808,2.4194482979797427,0.0147297955291993,15.450173511152585,0.0100102676002808,14.00402541952486,0.03647436,71.4299088
2793484323168020480,0.7671790362139086,0.0141605124488255,9.596707788311798,0.0100057785990306,9.449274059743246,0.022239763,105.886475
2797852476706070272,0.8185219133007132,0.0151175166313966,13.25597598691105,0.0106054247548222,2.7295984292986075,0.018656053,366.390808
279864741937222144,1.2828738417303418,0.014153269670566,12.50083311894731,0.0100018426940959,9.453709687506464,0.013228507,105.798073
2801382454491886080,0.7770590851648547,0.0156923018710238,12.09701357916482,0.0110069551584476,3.1921789041923216,0.014157465,313.465057
2804698620216747008,2.16348,0.0142684988209941,13.991138,0.0100060775710853,15.491965964555645,0.018080715,64.5525284
2812615928570830464,2.0804069999999992,0.0142242344510686,12.056096,0.0100095240515409,26.809155313007107,0.032945804,37.3035583
2813999595234557056,0.8990771705566678,0.0142051998141589,11.621398500167578,0.0100197841387102,6.123806427618606,0.01907478,163.26149
2814753340519356800,1.0529632490923984,0.0142396083022654,12.48270640080848,0.0100435339861028,4.957802057060343,0.01854325,201.739044
2822346778275786496,1.8303614828767576,0.0164582235066159,16.136946055665284,0.0108270904336533,4.246419604353227,0.053677134,235.726303
2825069856261650560,0.813523966816846,0.0141834883114243,10.850233551618622,0.0100233130877038,6.022213624024524,0.018065957,166.149307
2829147670009729408,2.1091740245308896,0.0160845610887095,15.945028463328986,0.0100353632876331,5.734460973523278,0.046247628,174.163971
2840080281628158976,1.9245015,0.0141700125167423,12.778679,0.0100033914209276,14.607524747228366,0.017781872,68.4732513
2847197557833077504,0.775126938909752,0.0170489574307771,12.537779291282796,0.0118787437256551,1.3308659662138544,0.015956426,748.157166
2847710621742579712,0.6936177787458676,0.0517875191934228,11.630439628160994,0.0352641145575246,3.4502892555727547,0.018152319,289.810089
2848344765073782144,0.8473460153986835,0.0150393174387274,12.046192259442035,0.0105790237720088,3.883989371013006,0.021957673,257.367035
2850529559101599872,0.8453809032183898,0.014740704768532,12.26142305239542,0.010379236459149,3.901915291418785,0.017030358,256.383881
2850794644483403904,0.9274946402686898,0.0149760074870714,12.569242395089582,0.0105356308688734,3.794347426579491,0.015533611,263.156738
2851065609677199232,0.7575729394991181,0.0148740085165574,11.53005185173076,0.0104757653060318,3.889782103570272,0.020243306,257.201294
2851851657410646272,0.8483686189845439,0.0142213679415235,11.558212131667808,0.0100489638339488,5.812781793711713,0.020178199,172.091599
2852123752179450880,2.3993141387016195,0.0533374723221203,18.904934022846437,0.0109902413101869,2.2687212923541784,0.22568421,485.886749
2852560155216114304,2.0955408714754555,0.0157304829812232,16.095293275046334,0.0100556975298811,6.463550139648338,0.044525094,154.968536
2853258035861905664,1.211181999999999,0.0141460947826743,10.918463,0.0100008050310995,17.917606467950026,0.018949252,55.8144035
2855982007199666432,1.0082287805244712,0.0150913607256601,13.236619324052803,0.0106116858949737,4.200011802689183,0.013586427,237.882751
285957277597658240,0.5785620361419966,0.0754250896140148,14.993089684058196,0.0196059758618596,8.617907028016413,0.025167204,116.057083
285957277597658240,0.5785620361419966,0.0754250896140148,14.993089684058196,0.0196059758618596,8.617907028016413,0.025167204,116.057083
2860957125517813248,2.6421764999999997,0.0142342883010973,12.94541,0.0100104924827604,47.39253049196796,0.0219631,21.1001205
2862860238410605440,0.7472834653611933,0.0195997773264819,11.484184862397049,0.0135870082996421,3.847733322563562,0.020680832,259.599762
2865354828431581312,0.9850064828731242,0.0143944954777219,12.88694015493195,0.0101580745580386,4.34025587841202,0.017155578,230.535324
2868410439964155520,0.8023444662120371,0.0152839211701418,11.67611683496682,0.0107388072130077,4.010027527453822,0.016572943,249.377151
2868559904826048000,1.0001568896809128,0.0146092744767898,12.849490970843195,0.0102975601024655,4.086779612505101,0.015195107,244.69046
2872421114785942784,1.018587300081052,0.0144971271898147,11.74924280814516,0.0102276963017527,6.023591310723474,0.018178012,166.021088
2878848168269915520,0.8554734127343897,0.0194200839339564,12.06141416379524,0.0134126956213548,4.452073235009025,0.015057937,224.71077
2879625218049541632,1.9636010000000008,0.0141680583259662,12.284051,0.0100039495227615,28.305496793643567,0.0150422165,35.32658
2882376505380444800,2.3796850000000003,0.0146463662646073,14.574482,0.0100086238530958,16.202673250877314,0.017106643,61.7354889
2893046368077824512,0.7812290998065204,0.0141497537527797,9.274383326264756,0.0100010249390907,13.389426505112326,0.0114467135,74.7032394
2900239755402655872,2.014144,0.0141581422645676,11.980143,0.0100025195173293,23.789749795717977,0.012219305,42.0352936
2905773322545989760,0.7345525660675004,0.0141567714147455,11.464616914351714,0.0100078617922632,5.762739994220718,0.014496043,173.601166
2914000658819492864,1.1988500000000002,0.0170119111063157,17.184982,0.0100242519291767,25.305392756293465,0.059002705,39.5048218
29331710349509376,0.7899603021542978,0.0231851190512496,10.85243611234804,0.0159739725992642,6.285406411908197,0.022238316,159.15712
294798377579784832,1.4011350431990732,0.1164527275401458,19.43464630044569,0.0106003909390182,12.263491761782964,0.4147329,79.7544861
295433139386775808,0.9848295708808488,0.0159351003861387,12.380125204418862,0.0111646615573696,4.345041022308954,0.02210344,230.044067
2971665027173346688,0.7620442135170334,0.0141497122106559,10.80896009071414,0.0100019268162725,7.712836170548363,0.0152667705,129.672928
2979017976824715648,0.7937584511365903,0.0151050967545172,11.76908039938685,0.0106229968146194,2.930124584531021,0.014140045,341.369965
2995883381385948416,0.7566918142373256,0.0144650351318488,11.305756948990918,0.0102113575271262,5.88658514475896,0.017725136,169.816299
2999846575346395264,1.2768582707319351,0.0141666046774601,12.657540524473358,0.0100033821468289,8.941065156517181,0.014276,111.83606
301368101290732288,0.7546624665703543,0.0159145836151841,10.10404438528816,0.0111555207646343,7.04376234221544,0.023584988,141.868698
3016843096668822784,0.7445375151360768,0.0141821583127986,10.045227619715169,0.010025554331756,7.1050482688484635,0.01989052,140.853577
3021312924970773120,0.7590931416533957,0.0146440782839923,12.06080241105213,0.0103101407530428,3.0188853191393576,0.013867807,331.236786
3030525595465662592,2.009946766650936,0.0143548373661543,14.54313058810554,0.010084375635744,7.001503851168836,0.020828161,142.656281
3032592917846433152,1.7886349999999993,0.0141698257461265,13.8219595,0.0100017925423797,16.604928559182365,0.016143152,60.2367172
3038445240276115200,1.928744,0.0142311503301146,13.615477,0.0100028666397646,20.9879773207487,0.015489847,47.6473122
3052721196179083776,2.151487619957122,0.0148031602810206,14.723973401080311,0.0100055898270644,10.225268900466853,0.02387789,97.7366791
3072544153868881792,2.2858790000000013,0.0141832377161416,12.733405,0.010006038561675,27.245588317288753,0.024149869,36.7075386
3077625581217464320,0.7720017148214833,0.0143287235312518,11.000542283278811,0.0101219467490176,4.7298094210752994,0.023228372,211.620834
3080210322598944128,0.9369830858667784,0.0142555125711425,12.28696150786656,0.0100691813113236,4.62934297157168,0.017072512,216.10672
3087952194427520128,0.9336829076265384,0.0145321476410808,13.24742475815336,0.0102438490292212,2.0372911022991858,0.014812086,489.966949
3087960578203809408,2.140507548014167,0.0222462647125869,16.870845485189292,0.0102913230623993,3.602294317596909,0.0724301,279.304596
3088619563625716352,1.7839754169299875,0.0151624078265727,16.198545823142275,0.0101737587864818,4.341383770451691,0.04527764,230.135727
3090639125966868608,1.986261130529127,0.0170172885269457,16.45487946486073,0.0102596179182138,5.880778124545279,0.06772606,170.733627
3104601514893732352,1.9625830000000004,0.0142445702950135,13.930872,0.0100064433976616,23.989282788865147,0.021074962,41.6880684
3110666588531833088,0.6733987825284637,0.0156730549299052,11.756637096646386,0.0109724226233643,3.267147083637173,0.017480126,305.912018
3112836479029139200,0.7637686529396097,0.014175112659884,8.855572833339835,0.0100027453895689,12.74899710040268,0.018034568,78.4495392
3123944501404571136,1.1735111873843105,0.0150249782116488,13.050246476625237,0.0105469819555048,5.093254040212035,0.017187221,196.57724
3138751830653817088,0.8133429660028615,0.014150943638358,10.162476792194328,0.0100057819945664,8.72627676880131,0.018636981,114.624779
314231459622349312,2.647332999999998,0.0168759473942771,15.668714,0.0100151269824802,17.377839445733233,0.040462706,57.5771065
3155410389590889856,0.7011436612443924,0.0142585293727034,10.249762815307085,0.0100714969233985,4.432344036224457,0.02542491,226.048172
3159970687081764864,0.8060225851889274,0.0142493797514217,11.966278875820976,0.0100607287710968,3.9176014535417254,0.01431553,255.084976
3170501328415695616,0.7384956999999988,0.0141536622316562,8.337488,0.0100028502975529,17.28066877857497,0.01877954,57.8837662
3183879807944948352,0.8632302437013037,0.0151861231993621,12.164853560000797,0.0106617215221774,3.477378584659286,0.013046008,287.666199
3188357088012575616,0.97596697799275,0.0222956984805328,12.391643972484935,0.0153854302350353,4.820226998041836,0.013095947,207.571304
3188569499915726336,0.6340748620641172,0.015234930190527,14.129831261909414,0.0106681487793138,1.157158150885785,0.026507962,866.893555
3188871556375794432,1.084362733626105,0.0156549563504784,14.210292854312344,0.0109502251578751,3.2103229781670364,0.01949602,311.310181
3188897738496385664,0.6483778185011184,0.0150300118115844,12.757133856652256,0.0105671246608819,2.035055342569005,0.019920154,491.376526
3188932544911275136,0.7460438614784372,0.0148763950270025,14.772639386698517,0.0104016972185956,1.162931995940633,0.02399402,860.871948
3190017659808619392,0.7748676028111913,0.0152543446254702,14.138498640721622,0.0107004844994157,1.698929747799449,0.023481676,590.454651
3191443348432951040,0.7730931780418407,0.0170216928229191,13.818691723910444,0.0118260860332855,2.0448996160735597,0.019323496,488.102051
3192796881606263424,0.6855143245436407,0.014542493514489,10.627356268922352,0.0102534353261388,3.94463818773213,0.014199244,253.680298
3193061554671516928,0.8341398295123004,0.0149386086791161,13.867469521755943,0.0104649609335617,2.513728316311883,0.01676337,398.236176
3199115603133450880,2.279542000000001,0.0141981002586276,13.646236,0.0100074658160081,27.842916462771207,0.01749454,35.9187355
3202470247468181632,0.9051634899619976,0.0141512202916422,10.42246244692498,0.0100015320691835,11.592009160323096,0.018364258,86.2529068
3204830280457716608,0.7899669769804768,0.0152478541768479,14.8770908470644,0.0104093445316086,1.308901265980101,0.0291292,767.347473
3214420461393486208,0.7091414670014009,0.0175506760985089,12.339013182721803,0.0122287075656,2.651994305198149,0.016126601,377.682129
3217295684300916096,0.8085199358081746,0.0157714186935367,12.016445291410776,0.0110596234475427,3.4624858164053833,0.013441773,288.789246
3226410085938877696,0.8656964798134074,0.0141686215881771,10.975834555866292,0.0100102902537158,7.523054083090593,0.014162059,132.859497
3236490649059638912,0.7572985232177701,0.0208455459474664,12.365826319173896,0.0144146999007347,2.2331339415365994,0.0143569335,447.362396
3239187922882053120,0.7197989491124226,0.0141512768792216,9.564326020217196,0.010002976289102,10.098367370154858,0.016413935,98.9914246
3242804697661523072,0.9657703783587064,0.0157289901773056,14.84267410538746,0.0109245871942486,1.9181715353457112,0.026555931,523.560547
3243515699431505152,0.6808358103776165,0.0152163086815029,13.586522010624554,0.0106672594515597,1.5699485174576864,0.01579096,638.733765
3243766289299452928,0.9577936516918042,0.0148109739165755,13.166846993183617,0.0104214328310375,4.03146263954423,0.013439668,248.093735
3244782650359950336,0.7050282728100944,0.0150339342658199,14.393596314157785,0.0105402805986314,1.274729930820672,0.023778278,789.438904
3244915863066644992,0.6421513322842889,0.0150287159398053,13.923810034315505,0.0105468913171927,1.4019570589511563,0.019207133,713.888794
3245569213491519616,2.184642,0.0142907271345222,13.982239,0.0100051701953508,21.93152003450232,0.017968575,45.5876198
3246359556193082752,1.1365274133456773,0.0175433458809214,15.0013025693214,0.012138377536826,2.1599527739052125,0.03040655,463.835571
3247363616467281664,0.753305952555891,0.0146956343298662,15.034719058272632,0.0102147282703569,1.0862404390759632,0.026721487,925.400574
3247502842127618688,0.7956009789219202,0.0145955361816359,14.91388413648764,0.0101555379452234,1.0583866115131226,0.030545494,948.950806
324794605269408896,1.06151425330969,0.0155294986944973,12.29585276237614,0.0108867834181586,7.748856587267048,0.015420266,129.041595
3248586342116730368,0.9552964805754284,0.0151900818286371,14.614283344247005,0.0105837378179895,1.830796720418009,0.025319587,549.319641
3248784151130375168,0.9280779853497284,0.0150926041839897,13.066175772254082,0.0105990889636296,3.926476976275999,0.016289946,254.782883
3248836343573761792,0.9517336335373876,0.0166507318466235,14.960027680050844,0.0115386429700727,1.4282251743710177,0.028109115,700.73468
3249078476649651840,0.9200650718768038,0.0153658005527796,14.96815983465084,0.0106573918014236,1.601392331316443,0.039503038,628.532471
3250009213243805824,0.74283214697819,0.0197086432896625,14.044797100401434,0.0136254113634379,1.882599196036657,0.021164259,532.356445
3250340681640698752,0.9675681156850388,0.0226730550290155,15.2274310938874,0.0155545899501958,1.4805071488076615,0.038179692,680.120239
3251498810980145920,0.7437246220503773,0.0184511549925893,12.739919142367429,0.0128167425954089,3.0303671863003623,0.01547808,330.223694
3251581033833977600,0.7624494140398795,0.0250289575766267,13.858417643286844,0.0171633741502475,1.5739035664215677,0.02009068,636.833008
3258103955286089984,0.9626572453483748,0.0141495632851815,10.70120035733624,0.0100014506446467,11.079296877892746,0.019421097,90.235611
3258464148423178112,0.7250815796478715,0.0219842926426119,14.402870642474989,0.0150695546865008,1.2842959953431314,0.034235798,781.802612
3260297755861894528,0.7588783758987372,0.0197321026059251,11.935452115215748,0.0136037788937311,3.0060764394138912,0.017184772,333.052887
3260725500242985856,0.8329782455805141,0.0147637177525789,13.62721840862718,0.0103636156500556,2.2188337040354953,0.020081365,451.389343
3260737835389045760,0.6355603140821606,0.0148727055625887,14.019361026176332,0.0103594633235175,1.0883933262715166,0.02220296,917.146973
3260880978059217280,1.8605644000207229,0.016244957824729,15.814151415535958,0.0103981135544397,4.35387177797173,0.060403768,230.475937
3261290099464131840,0.7064949137934068,0.0161451898545417,13.931160280830504,0.0112765723009855,1.481537864449949,0.02155699,677.113831
3261482410919525376,0.7849680590799443,0.0155187415953092,14.851675098339165,0.0107580320538545,1.2363206161516904,0.025083078,809.15564
3261951490067782528,1.137817734866993,0.0161819995141403,14.143395486222898,0.0112808269818018,3.7128213101514023,0.017983593,269.800659
3262747742644617088,0.7225585467707528,0.0159217877688519,13.416568497341702,0.011101641190727,1.744401088600782,0.018281434,573.882996
3263273274842936704,0.923582752132492,0.0185658025241784,14.197815952621152,0.0127566562239776,2.5000787500928743,0.021994509,400.430634
3263403429531999744,0.8384324585009131,0.0165398916469642,14.590621515150657,0.0114026552533265,1.6726128756435277,0.023681333,599.812073
3263446860242161920,0.8024298804292427,0.0214786264876321,14.98344583452463,0.0147365480214023,1.1421364618859593,0.030774731,879.625793
32655224762711936,0.6790924724217071,0.0180642572903911,11.235610672495708,0.0125691574518953,5.306841682855507,0.021064822,188.473465
3266980170921153920,0.8928896801388002,0.0141638846296572,10.041470616536351,0.0100025737406231,12.988610175940162,0.01682983,77.0033875
3275600616961009920,0.6683992326813706,0.0175773874001802,12.290252592216952,0.0122254262050307,3.2508795710896767,0.013846398,307.922913
329499479948863488,1.2638543802733535,0.1217892770432751,19.46310856909364,0.0107697836957495,11.638688560140864,0.3511758,86.1223221
3299170061748226176,0.9896680685508632,0.0144444330980911,11.287126455415573,0.0101841996842644,8.019931467385339,0.020796368,124.758179
3300242257384108544,0.8720488457942714,0.0239481318573629,11.05093663276436,0.0164838018119545,6.126434573430274,0.020156745,163.318542
3305206999060343936,0.9562323554065704,0.0313505510431976,12.246579862992212,0.021424775675224,4.778037941150962,0.017893719,209.389389
3318145192902885504,1.2982489999999984,0.014162637313423,10.521167,0.0100026157377544,17.31402005894396,0.017202757,57.7551041
3324240679211105024,1.9992647244669757,0.015239305884767,15.521944236330372,0.0100153120281835,14.078621791685675,0.042479113,71.0597305
333011290025383296,0.7744607397256674,0.0150664446100724,12.269733921655089,0.0105953105291741,2.965656096045187,0.01467977,337.517792
3335243109817560448,1.947512999999999,0.0141701377797025,13.417598,0.010002018292164,16.80986286581465,0.0179755,59.4816666
3345752830365960320,2.1653924999999994,0.0142346425833195,13.765578,0.0100065849272197,23.792815687175143,0.01945614,42.0214539
3358384191745164928,0.7579236653675148,0.0142950558666346,11.436200786864337,0.0100898874658492,4.832148320429594,0.018928042,206.899368
3361379158340348544,2.0367710000000017,0.0157769034909668,15.733065,0.01002157153384,16.006689075727103,0.055099804,62.4941978
3373342768264623744,0.853955607183663,0.0141607245140985,10.43409988636298,0.0100080893539089,8.802065925827266,0.016169252,113.604103
3374633977170787328,1.6246151498599375,0.0329434843439781,12.550355719708213,0.0100089529600401,14.348075109997223,0.030700115,69.6777802
3379792576490707712,2.3440102266408376,0.0158314978592104,15.47704880343734,0.0100324246637825,10.169009273502896,0.03906107,98.3027039
3382457277280216192,0.5298823872595796,0.0150792159689672,12.106883117549172,0.0105955339102179,2.153161061825334,0.016940178,464.341064
3382457277280216192,0.5298823872595796,0.0150792159689672,12.106883117549172,0.0105955339102179,2.153161061825334,0.016940178,464.341064
3382777544401890560,1.0486564089535433,0.0146616294605156,13.347460793376142,0.0102982090377507,3.7799642709506216,0.017737273,264.483459
3386289728137230976,0.6160461779513745,0.1131447012311686,15.854510214052388,0.0275156105632785,3.872402075220992,0.05161163,257.976288
3392962110153133056,1.004728,0.0424267241757086,17.987223,0.0101195629961333,22.45248075761389,0.13761763,44.6703186
3394100040264867840,0.9072196099457028,0.0233250924580143,12.397370743939854,0.0160601086462814,4.627524880932351,0.016413374,216.448883
3409968054637524096,0.7764107599206627,0.0165355541238985,10.678606640623254,0.0115634962503515,6.762698575076585,0.014094084,147.915558
3417582928575520768,0.8074888328286448,0.0545941864478183,15.724519254483775,0.0251560292450158,3.9518402382800177,0.06918654,253.108429
3425318817510655360,3.031046999999999,0.0176586785437985,16.119095,0.0100414256023965,20.6911172377232,0.053105485,48.3221016
3426218389821406848,1.7922438627119988,0.0201376548567149,16.439371989539385,0.012176674824216,3.0137374073359724,0.0641442,331.023834
3429846292858923264,1.0328350000000022,0.0184065629961482,17.046768,0.0100479786778555,23.973583953620295,0.08462548,41.7287521
343984072472317952,2.0253978679233295,0.0147503568535464,15.107689677461272,0.0100104129217253,13.662951264228948,0.032672554,73.1622696
3442483156090480640,1.2479614508322237,0.0495616246845041,18.578060430282385,0.0101454973676226,18.930056049126293,0.23378314,53.0808296
345279743846931712,2.0767430000000004,0.0142449244615998,13.640195,0.0100038218285938,21.023431765047828,0.020341855,47.5575523
3453908628092978432,0.712809867949619,0.0150595118100828,12.183648297366222,0.0105864022256628,2.374333748301192,0.01696437,421.281403
3456480072256611200,0.7783401102005527,0.0179270275133913,11.83501730738072,0.0123708596730338,2.080412604591626,0.011542083,480.685181
3457318522889627392,1.9495931537940272,0.0237653552169109,16.548453631582298,0.0147875248353968,2.8052695023210137,0.059120696,358.598236
3461897301622979072,0.7363373967676272,0.0150981190501597,14.840181605447116,0.0105251919589127,1.1291699301403877,0.028159548,893.505127
3462101707706093952,0.8035992916468693,0.0151793036558269,14.317159771451283,0.0106410572912416,1.105628782035713,0.024090646,904.070679
3463048181059995776,0.7351375430363875,0.0158246216347814,12.643924289239006,0.0110949008047717,1.8016999104678315,0.018407242,555.274536
3463953525805649408,1.5936394820499868,0.0141684010930878,12.899986090405424,0.0100024305360242,11.85646369081181,0.01762051,84.3547058
3464071723303911808,1.8667872767494849,0.0201742252507993,16.906184763572263,0.0102785375709584,3.7335077752217662,0.0706041,269.88736
3464271074211037824,0.6228481073173143,0.0160319651846988,13.397743212284167,0.0112257599202633,1.5137677758450905,0.0155130755,663.18042
3465753598139112704,0.742208258236004,0.0146672656900691,13.086255297211157,0.0103280636211623,2.1358775382914215,0.014428855,468.123077
3465948898892088064,0.949100686331676,0.0156341576383301,15.106193848706276,0.0108834609634253,1.6981088162949782,0.02860497,589.292419
3466524695091021184,0.6871212185844862,0.0150025212561203,14.374556357053654,0.0105268060288917,1.093917380867765,0.02258154,917.357849
3467845590809172480,1.2641161842613438,0.0147227918259745,15.284944095356414,0.0102391806030867,2.4076573310471967,0.032499243,416.310852
3467938740059965568,0.6610899989684106,0.0149562698407977,13.049663375753212,0.0105204930701532,1.9739085285493796,0.014280121,507.243195
3468036218637630336,1.897696,0.0141550712626035,12.316859,0.0100016635798239,19.733289122383542,0.015832273,50.667366
3468376105169554176,0.7884682977263087,0.0158523804635169,14.9927991498936,0.0109948939923842,1.0525871600241568,0.030948326,957.575623
3468518869882338048,1.396072239181383,0.0157589446045874,14.990873541680656,0.0108012416056919,3.4796756855770186,0.032706756,287.98526
3468956681669008768,0.7329747226991656,0.0146678132236489,14.699633438764264,0.0102628658088561,1.103456853230713,0.028077498,909.429138
3469140815505282048,0.8531791640889231,0.0152925691912394,15.239589233574236,0.0106096366659988,1.1922167984833905,0.031569052,839.308289
3470228782262299648,0.8853847347431641,0.0148328298936117,13.935027609473018,0.0104245959937532,2.6250687517929734,0.016860483,381.106323
3471049911289732864,0.872868085268526,0.0152044746951343,14.786637160476678,0.0105936586060665,1.656487674311932,0.025802365,605.315308
3471055271409030016,0.7299812623292415,0.015163785620997,13.343435920043031,0.0106396690750765,2.432953488742286,0.016656231,411.907959
3471570117728659840,0.80855025876943,0.015623016292004,14.198900907189056,0.0109411084735067,1.465225208704101,0.022158016,683.387085
3471835306189305216,1.157969119745456,0.0152413056539477,15.034809989053672,0.0106077352403123,2.2133040717699366,0.03260525,452.479034
3471851180388433408,1.172973722043303,0.0154674324781876,14.752027473830909,0.0107778540276915,2.846582502444076,0.0297224,352.343475
3472718042227874944,0.719989406277131,0.0148275105316319,14.53762620714929,0.0104078777554478,1.2848708864919969,0.024069333,782.838989
3473376542702694912,2.9380109999999995,0.0158653186238254,15.482832,0.0100285061246771,19.68559327049873,0.041947626,50.8099403
3473497802131072768,0.8142513259312032,0.014612248999428,13.91802170740852,0.0102889823448223,2.0209789980717145,0.018598622,494.961456
3474301579490184448,1.7297996455687017,0.0147811881855878,15.56426589189759,0.0102005349733861,3.9849325693700384,0.035896853,250.937302
3474875971236148352,0.7662365458281691,0.0154455315547918,14.72111139142476,0.0107705054371907,1.1256163917741178,0.029436635,895.902344
3475130263363665920,0.8573284241467874,0.01435202838823,12.47822497978648,0.0101290163373099,3.435501942252168,0.016143955,290.912933
3476142295098161280,0.6220338026800937,0.0148161868019035,13.705839685991752,0.0104234650698044,1.1326533853639922,0.018426096,884.218506
3476313445250389632,0.7349970696813385,0.0158620565915623,14.742807440626091,0.0110747201851389,1.35080292706502,0.03085104,750.488403
3476640172002588288,0.8298188817828963,0.0152346860177807,14.971239975125194,0.0106090697296493,1.270692157727341,0.026589857,789.617554
3477184464619703936,1.9467675313876096,0.0155293375804648,15.951511308147277,0.0104057103619831,4.591691482298016,0.039621145,218.295258
3478399871644775936,0.6237077304097778,0.0146496701311183,14.213176853010443,0.0103112640732339,1.218373868688306,0.02096111,824.876038
3478532259717206528,0.7723122877234403,0.0148214131126911,15.197135895917178,0.0103651216694911,1.1159212017864912,0.031138824,909.441895
3479029238973238144,0.6805921812616346,0.0145329415218463,13.75709066710758,0.0102354643521437,1.5711330021495744,0.017252753,635.539612
3479605486144067584,0.6303597607724265,0.0154563504336639,13.809616446124563,0.0108466501913564,1.4722609935751791,0.01776806,681.757324
3480086728639372928,0.681169089189617,0.0148700340977876,13.701102930679438,0.0104577711534149,1.0462464007765524,0.016084883,956.074707
3480193273891411328,0.69609944787592,0.0147725585034162,12.355101223666102,0.0104052395119563,3.0547004271766096,0.0150467735,327.177307
3480219769546468096,0.7537813004817492,0.0146285980118165,13.140616034092252,0.0103066944851959,1.291891186167847,0.016086577,772.970642
3480930741252613120,0.9663818377651796,0.0148167342217777,15.048778915246311,0.0103136357537555,1.5677926741538646,0.026340762,638.762085
3481422944505392384,0.902509315278578,0.0154166576532423,15.390230967929297,0.0106477864576443,1.3662562181382836,0.037467845,732.784607
3481429197977909504,0.8954046321976779,0.0153051333894108,13.630352468048349,0.0107449547624261,2.8635326679666187,0.018623032,349.66333
3483883342291119744,1.8051246258136553,0.0160489272818608,16.458523382002358,0.0104490857579562,3.177014634730841,0.056997165,317.030853
3483903958133950720,0.7072507462911379,0.0146087634616158,14.263025338556192,0.0102726961002475,1.130796047001119,0.021849606,887.821411
3484452236479157248,0.982464489927666,0.015162296386853,15.433963444438085,0.0105717199901618,1.5520543685393735,0.03390221,648.997681
3484613246213010688,0.7597720042062657,0.0148204089067018,14.797643557672504,0.0104058522200194,1.1749481070461905,0.0251287,851.46051
3485581297481288320,1.201311934073655,0.0152343436017685,15.550919462431269,0.0105110146373008,2.1480476025395583,0.041986737,470.558685
3486224683581939712,0.6336611390301317,0.014760602578083,13.618187422989768,0.0103894335445271,1.367272739758487,0.016133482,731.731506
3486241107536716416,0.804532279228634,0.014815303073958,14.510669041916204,0.0104053370954584,1.586695316478924,0.022647137,631.833801
3486604908446412672,0.9353308982404444,0.0148438013299173,15.089362483563464,0.01032046979236,1.7783373145628465,0.03390512,568.451355
3486691838585092992,0.7850939225212523,0.015211121304746,12.786174721233094,0.0106927083872006,2.496241475785248,0.015579779,400.543304
3486736884202090112,0.7819908748191485,0.0152135061573026,13.6839738746545,0.0106888017861008,2.2637721676021476,0.016861936,442.335297
3486844636340957312,1.799903894442446,0.0153295892846453,15.70361580560554,0.0104668473953117,5.020534383679765,0.04158243,199.394516
3486853672952159872,0.7605043266482479,0.0142359795165801,10.19412163371784,0.0100608258860029,8.171175725029833,0.017587846,122.450264
3487409063763241728,0.9341389643552384,0.0143664319105457,15.034030161928044,0.0100603048341099,1.2712831248010792,0.028362272,787.16272
3487601340859356672,0.9184769840876172,0.0150284354096151,13.576576037397407,0.0105683872183469,2.4700944536869667,0.015728818,405.759918
3487879345502442368,0.6924070417142947,0.0158205810522993,14.553124389618834,0.0110707783570737,1.0347883726374891,0.025267659,970.129089
3488423122721442048,0.7566758362130545,0.0150965021230005,15.130370718576511,0.0105108343227076,1.148418415560463,0.032923903,882.444153
3488913126950283136,0.7109434693243409,0.0150533844636278,14.069520547934395,0.0105609181909379,1.2578780063950294,0.020892626,795.700012
3489628840300734592,0.9917708093481218,0.0149805719781939,14.991891226575468,0.0104957152082748,1.972936854205416,0.030117536,511.370392
3489910280917496576,0.7833339947728201,0.0146911238214617,14.09974985684202,0.0103162526647735,1.7982182281891406,0.022250827,555.126892
3490011332908072576,0.7774962388290694,0.0152529171298324,14.839525613646815,0.0106528883126119,0.9673184313162344,0.028083948,1039.20374
3490081323694992128,2.1745689489452564,0.0174810416419844,16.72982997752496,0.0106103792594208,2.5785213714092,0.08313813,384.894318
3490350287431003264,0.652756710691953,0.0144651812293242,11.885002995728696,0.0102023270938197,3.2603333315687197,0.017526979,306.581726
3490623039330905856,1.7989972468672828,0.017183086305056,16.734610616896582,0.0101854695856218,3.480889350616298,0.07014181,287.808411
3490755083805276928,1.1406846869657108,0.0149706770166219,15.052098050886068,0.0104472521995449,2.329399962443066,0.027928103,430.749298
3492673697236165248,2.055372461850062,0.0169393553157038,16.687121301209928,0.0102553690129788,7.646216175471446,0.061507057,130.76535
3492955172212637696,0.7641614284406957,0.0145064796600107,15.201059726488404,0.0101430565822412,1.0708326181796004,0.0364359,952.298157
3493130475597281536,0.6482485889356001,0.0145353343630096,14.065397035521036,0.0102250222397697,1.0510177508039913,0.020122077,953.248474
3493298597797290752,0.6757341335446989,0.0146641329654318,13.979298042050283,0.0103118797317125,1.1982576874774709,0.021943979,833.164673
3493784169620048896,0.7275470164125379,0.0141810504349842,9.973259358231216,0.0100236605095471,8.431196023256165,0.019033788,118.596405
3494135429225414016,0.7078751830000529,0.0145073917826682,9.902091332656278,0.0102376939334761,7.258590641000016,0.016823065,137.797775
3494490399682363264,1.2655861672511766,0.0151993004454855,15.581792939373312,0.0102655267378913,1.6242353337617386,0.04270176,615.441284
3494602309350368384,1.006400578459948,0.0147481944021109,15.401882100253992,0.0102004289272695,1.7029453218081545,0.03295141,596.7677
3494678897207255552,0.7867256431568576,0.0144522926112183,15.204752596733078,0.0101149999217877,1.1208256958040557,0.035950635,909.57782
3494816576678390528,0.7934949593298757,0.0153075507278685,13.1359806244825,0.0107398532666696,1.7881789589767103,0.01498162,558.525208
3494876323969520128,1.9591191998817248,0.018193042959497,16.883264340694147,0.0107241159674956,5.492147515345841,0.080790855,182.849136
3495317472944410752,0.7844389239515711,0.015522631109268,13.437244750599977,0.0108862359026614,2.2582704461047505,0.018788649,442.469879
3495882828079552512,0.6790849238468952,0.0151810509324208,12.033041501005329,0.0106630767870271,3.3658678889904188,0.017398844,297.284393
3496256009198060288,1.387365300995328,0.016242471423584,15.21185678325742,0.0110095072261684,2.6379760489538584,0.042591624,375.513123
3497100537207291648,0.7731136704299344,0.0155146023324338,15.269759367964204,0.0107472466171556,1.007632031731383,0.037083402,1003.17426
3497243027042219648,2.088523079964833,0.0167598925240776,15.07015042153088,0.0115304158540802,7.269879779026048,0.03372685,137.589569
3498036771358067840,1.884858792304157,0.0178989799382687,16.644731685539906,0.0110892009248093,3.6887172607414143,0.07009961,272.837219
3498226364099617280,2.501870095490702,0.0230757282118165,16.961330143685625,0.0105912176875799,5.668821752483855,0.0939378,176.919098
3498490904020317312,0.8010432771734867,0.0185520045581869,11.63429450045976,0.0128871584859889,3.506075966382733,0.017292097,285.578491
3498526260190987648,2.0133388212006644,0.0184512912635767,15.634943271010467,0.0123433772613049,5.5262432346883985,0.04346061,180.923248
3498589241591455104,0.7401689284891677,0.0167642650573224,14.6074999675011,0.0116412356330561,1.2791722687208151,0.026430162,785.173828
3498967336152252544,1.7399350539259568,0.0180151310960618,16.288293676870655,0.011025430455744,4.950856786395226,0.06662453,204.863892
3498993449553518336,0.938595435397565,0.018092722515485,13.829356599343049,0.0125319975828349,2.0034587891553555,0.018506609,499.304199
3499072889268595584,0.8575059014864828,0.0162474693749691,14.516839799692091,0.0112441682810008,1.4978181426885842,0.02962813,671.732727
3499095738494598784,0.8338148926533189,0.0166930476281568,13.441290170226315,0.0116323736394398,2.769768479774465,0.019978696,361.422058
3499616700847886592,0.7965360707792238,0.0148658480562631,13.01555594393416,0.0104605625012613,2.8282271254845335,0.013594926,353.714203
3499940747540358016,0.7912960031065206,0.0166441661222009,14.656211274699864,0.0115594858698063,1.129827958265523,0.029150486,888.139099
3500696558705252992,0.7827743365761266,0.0169203820142159,15.314984446873035,0.0116722669021678,1.0575445192251758,0.034253217,956.912903
3500728959938561920,1.5768166673591657,0.015451497688542,14.35538384635928,0.0107775273472096,6.1085333946407765,0.030415798,163.657242
3501444845087514112,0.94851672711642,0.0153830172714916,15.008598265604975,0.0106964628977201,1.809439082415892,0.029144265,555.780884
3501816892334413184,0.8373720175924964,0.0166578308035109,15.208077539662176,0.0115156335418695,1.2551093896654617,0.031071039,804.363953
3501823592483402496,1.459462341163228,0.0163261084797994,15.526776421737983,0.0110715501226211,2.85566055109204,0.047771502,351.759796
3502027032199006336,0.7707985452246076,0.0158194111407396,14.367754244993256,0.0110424407231545,1.065736820329737,0.023803482,942.46698
3502108125476878208,0.7365042475204271,0.0155884959560468,14.1585322791613,0.010907351291917,1.4549605835500474,0.020825155,691.769409
3502135063511622784,0.7301533336906157,0.0148355516624561,12.928337760973116,0.0104307133461408,2.3592208523070024,0.01742686,423.983398
3502577543927555328,0.7933291879854583,0.0153765086038817,14.859207870025486,0.0106451797169024,1.0655480388570304,0.030733103,943.525635
3502775357236048256,0.9732289661506124,0.0154953803428775,15.24118835906255,0.0107886364478826,1.4132175424762956,0.032382455,713.098145
3503102530664765056,0.9650255397771622,0.0143919822948922,14.67415508930794,0.0101338927989303,1.879346372139352,0.033906825,533.056641
3503160632982504576,0.6888970848844856,0.0144963109526836,14.218299255384643,0.0102033228402455,1.2428760458897723,0.022528378,809.899719
3503281819779821440,0.6530213645895285,0.014575511266979,13.266786820002752,0.0102618158561786,2.0676959665423964,0.016783254,483.88205
3503395584873528320,1.0055732540368916,0.0147376384013511,15.250502105169751,0.010217321094413,1.6891837788604012,0.031343684,595.950317
3505048563166899712,0.7648499937807429,0.0167720343714837,14.95217716971672,0.0113864577769078,1.1599227536725183,0.031061627,869.226074
3505204315860832256,0.8182452158932887,0.0193192121237864,15.224369204212604,0.0131335947002189,1.0575993763500036,0.040068164,956.52002
3505318763853824384,0.6617104211396575,0.0158375297049278,12.056020538206274,0.0110951495385499,2.1841310549599684,0.014799153,458.11853
3505774309560652928,0.7243332809553047,0.0161810831787201,14.107261616643424,0.0112362867786324,1.6130586811166194,0.027399186,622.701294
3506076022423187584,1.1540681824867312,0.0153916655199771,13.92563078930274,0.0107631974933604,3.851789050707834,0.01934939,259.48703
3506227858107144320,1.1385664836937792,0.0155357009080081,15.401662911947682,0.010704684025795,1.9937549190727817,0.051620554,508.711395
3506907214558271104,0.8508123928620429,0.0147872850031184,12.688692674257023,0.0104012499873278,2.7981378624835327,0.020906812,358.354584
3507199448428109696,1.7984485872714862,0.0187019595211766,16.56650294759613,0.01106722409517,4.13776660982432,0.08242516,242.514297
3507210168667358720,0.7410704149320628,0.0152174489780759,14.18839628421646,0.0106724160752002,1.3399494012582511,0.024779849,745.246948
3507733089525608320,1.2777761881908976,0.0154526422376389,14.794916473323532,0.0107877037465565,3.1083145558884477,0.03312837,323.712769
3508814287412842240,0.7201743313462696,0.0154086930503769,13.167472930828588,0.0108045713750898,2.1059067486314187,0.017929252,475.627777
3509146369988323968,0.9994358730027844,0.0163571844331845,14.72782981307312,0.0113442200139271,1.5416048275956562,0.03239695,653.494873
3509187773473631232,1.7600774780585753,0.0211409803285414,16.209168709898826,0.0119077566492946,3.1908049823319056,0.075379685,315.34613
3509410703751454720,1.0954945826115974,0.0153153539818197,15.106760159032811,0.0105542171570692,2.2552284668759515,0.03464341,446.038879
3510294882898890880,0.7533096826739804,0.0143927548293814,8.224868851403803,0.0100056275223116,12.96065832871278,0.02611747,77.144928
3510511241875676800,0.6859000735158054,0.0151280450604057,11.8627791234963,0.0106364566524248,2.01345541363612,0.017471304,496.953186
3510521416654029184,0.7220240210980942,0.0155748688369152,14.447020878078442,0.0108268652083656,1.243626961195487,0.025573267,805.957825
3510620265326006400,1.7625007469670697,0.0231307256801087,16.644574552922563,0.0115565140273581,2.756585192230582,0.08751802,366.868378
3510872573180100864,0.7646177192654884,0.016292115147867,14.329741352301385,0.0113461602763878,1.1161109600175398,0.02327367,895.283386
3511516440317451520,0.8857942350909273,0.0154171590437161,14.724328909168866,0.0106789538933588,1.8268144055338815,0.031200765,549.863708
3511718819176458112,0.9169173030959746,0.0169408987990299,14.19877867831168,0.0117797936990385,1.865567342820273,0.02537919,536.44696
3512460164891341568,0.7507282178226029,0.0151997383131576,11.69511231443592,0.0106690720198134,3.409295759408858,0.015723022,293.04895
3512503492521469824,0.7771973958923795,0.0160215613703481,14.629911000869464,0.0111243367157753,1.0996033737231397,0.026724424,905.839905
3512511704498935936,0.6480919426784664,0.0145344150571679,13.188639667731984,0.0102338340591441,1.3530945708452518,0.01704117,739.934998
3513849427897615488,1.93798325109336,0.0188009313392809,16.793973806568182,0.0107128548027485,2.73462756492529,0.065897286,366.761871
3513908629726474624,0.6716504312474582,0.0152276684365043,12.615906852915847,0.010696479217738,2.453522143040311,0.016292939,407.30484
3514830505802515328,0.6895933001428936,0.0147719762453801,14.464084079449744,0.0103398356432492,1.320419423750347,0.024734426,763.119324
3515102119534287360,0.8374664225820682,0.0152282271666367,15.24824077340739,0.0105893836128168,1.1420128373981648,0.03436107,883.673523
3515237393824357120,1.3524416967337711,0.0149588787642521,15.546644023542244,0.0104169963715109,1.9442539238061372,0.037573215,515.124451
3515242479065645952,1.8947148720642373,0.0143770534372203,14.840543213217153,0.0100864746942972,8.894144487507486,0.02626723,112.40995
3515329581002327296,0.9175948624649828,0.0148361766593548,14.35258401328056,0.01041743686404,2.303381760400151,0.02205056,435.50647
3515709771507115776,0.7839720822637325,0.0144705070069697,13.314589520353715,0.0102047271695636,1.5719268828128998,0.016027238,636.129944
3516023544637932928,1.1011593894335847,0.0149996678959201,15.403989363833167,0.0103643493985885,1.6207273055534328,0.032402553,619.737122
3517726688149578240,2.06952139831629,0.0158307454370636,15.881223717364536,0.0103643274690584,3.6905954814358064,0.046636686,270.745026
3518484354740360960,1.7756577057470362,0.0149859899732658,15.159537177565156,0.0103157912636958,4.171464623398956,0.033903975,240.065414
3518917184364529280,1.4501357507198485,0.0155199547627566,15.621330744111289,0.0105709201780388,2.232343579896637,0.04256133,447.296387
3519516899237914624,0.6441053925463726,0.0158644294177761,13.957341252346456,0.0110999552155166,1.0694899664848885,0.020953206,933.040894
3519579605760421504,0.7692583838593192,0.0155570019013732,15.046079498462475,0.010849255750899,1.1241784459796498,0.029939672,894.454346
3519785523672576384,2.3576189999999997,0.0141895237662453,10.290013,0.0100081518012845,112.718243367493,0.024117958,8.87177944
3520358334870872192,1.014534885399642,0.0146062389579786,15.290309132155732,0.0101910280218548,1.67202538315352,0.03275875,599.829224
3521550102396091904,2.513201650411071,0.096961610741989,18.647299351511705,0.0104591431995353,2.078482941914962,0.2538897,489.787018
3522013580906881152,1.292226316898282,0.0145983692767717,15.420209537609548,0.010160824498283,2.6456080352317786,0.03363812,379.593353
3522325773489461248,0.8015246947475722,0.0143987861022819,13.28854797132163,0.0101556405950041,2.936251164456104,0.014828885,340.845276
3522398478696160512,1.1150584250961415,0.0150928264732647,15.756307310897954,0.0102150103581413,7.504041397071291,0.048309997,133.348831
3522754097693138176,0.8542498269029857,0.0144972202447051,14.98446012694057,0.0101679018775809,1.0775648114939256,0.027414473,928.550842
3522827460029612416,0.7761005534679476,0.0153355597262548,15.343384577932714,0.0106893340418234,1.055923113094784,0.040110853,966.826416
3523274342786955648,0.783429963138331,0.0143956813944021,14.590590806092356,0.0101298958559199,1.5418069739747335,0.024164153,650.889587
3523561246602059008,1.262464855618243,0.0146603769468533,14.073377273808216,0.0103171735531129,4.311854140081715,0.019447934,232.013046
3523857324467493760,0.7849495897475722,0.0144991498612532,14.368001126660616,0.0102040120074777,1.4298347652309684,0.022958176,702.717163
3523859454771279872,1.2965106177958088,0.014577382818031,14.77323967176972,0.0102204865754452,2.45074247352359,0.029197404,407.547424
3523935389793095808,1.0009396628978529,0.0155957773652572,15.459102532751588,0.0108020013664654,1.1426672268684643,0.037091043,871.482788
3523972876267720704,0.7924020846921696,0.0148933077443639,14.36547468237802,0.0104520314966782,1.81275310091632,0.024104362,553.544434
3524657906371885568,0.8878480221911138,0.0148815979608777,15.392076282103607,0.0102841739879281,1.326649889158292,0.035811763,759.172913
3524835443139944064,0.6691954237705304,0.0148909369958094,14.21915649722748,0.0104000538416672,1.078524692882718,0.021658037,929.193848
3524956217620326528,0.8261157073805216,0.015416804615994,15.113403661315328,0.0107295845118277,1.203041378323776,0.032242507,833.167419
3525261572615281024,1.4665749362585687,0.0147681129027207,15.15348339880874,0.010199839539176,3.2841603807108157,0.033794943,304.099823
3525745254652060800,0.92087054434999,0.0148132403082359,15.043808165840536,0.0102918183505393,1.3368556920363717,0.031270094,750.165222
3525844004540104704,0.79673347433973,0.0145885477781386,14.516435036934736,0.0102543843874071,1.2096113942114528,0.031137126,828.546997
3526076070213370240,0.8458373060389269,0.014572176065009,14.2043956742487,0.0102370555185636,2.111379400341286,0.025216546,475.766815
3526081052375468928,0.7226576864260298,0.0144572301351209,13.192015216925274,0.0101917296047101,1.5309067487920682,0.018965568,651.838318
3526215776909408000,0.7342025101166529,0.0144925006695293,14.462859453951667,0.0101886193190391,1.1897521837219114,0.023310758,840.222473
3526421763540814080,0.5535758557612567,0.0142351764769275,13.233654000473685,0.0100429781305199,1.6574744494977116,0.01482974,603.344727
3526794188745077888,0.7680481694333751,0.0144348059202977,14.766100841847294,0.0101474139284459,1.399474971806989,0.0258656,715.153625
3527098134990340736,1.4426669200060604,0.0146434992867255,14.767440500931674,0.0102388087351983,3.679964244542727,0.026351387,272.00882
3527106003370443008,0.6723802225782424,0.014813894743873,14.008046761777806,0.0104129617008155,1.4465091620467632,0.019007785,692.961975
3527350198031236224,0.7673602990157238,0.0150935521442725,14.69972331216321,0.0105165170866421,1.0099282300639882,0.025240663,994.2276
3528182493973728640,0.8317152565602332,0.0147358915405349,14.89643346107996,0.0102874520394076,1.49883812731226,0.028717628,669.640564
3528255852015153024,0.976746693945778,0.0148089520833595,14.91746878092789,0.0103872944310174,1.6247056590139215,0.02829662,616.085571
3528732765183646080,0.7347930022017389,0.0145043032221693,14.573718316554894,0.0101780907378289,1.1097298319236344,0.026822498,901.465088
3528838524458306688,0.780951445697068,0.0145912432251484,15.33914504516946,0.0101547760087672,1.1718551762559464,0.032460976,868.805115
3529101028563622400,0.8526060826383562,0.0145614909526111,14.4615823588418,0.0102387633069785,1.5472958910867147,0.026195811,644.3703
3529239159007763968,0.905549343637019,0.014468619412538,14.990543608062008,0.0101311886132829,1.7299556654939034,0.03006452,579.614075
3529888283185118976,0.7596212299738845,0.0146615754835861,14.20140863547069,0.0103079034287413,1.6179567800315915,0.02255274,617.139404
3530039534753497600,0.8318515604169752,0.0146956618329606,15.209999390239696,0.0102689279725096,1.182961920216385,0.02924584,847.331665
3530940309655864832,1.3713003056259787,0.0149630874924706,15.339280646825417,0.0104070202057443,2.315337186079192,0.03272135,435.086304
3531281020821178112,0.9020043238278562,0.0154601177126925,15.296740082324886,0.0107545727721668,1.175960628930914,0.029195234,856.947144
3531451479483645824,1.1672281302520595,0.0152225755498721,14.83423214956144,0.010630486199346,2.095951324305896,0.027074033,475.754089
3532743440005616896,0.9064259122046548,0.0148595029508127,14.940561996923662,0.0103904408596764,1.6209435813749642,0.030766236,619.203979
3532807761435688960,1.8647921798895324,0.0168057126595866,16.743825573687268,0.0104950792556735,4.015264776683618,0.06944432,250.202011
3533125692095012480,0.7422934146514681,0.0149288339390541,13.930770821210674,0.0104900962912607,1.6479116215128264,0.021863595,606.919373
3533162182136938240,0.7475979377595526,0.0146986431097769,11.40675467286268,0.0103620736860779,4.6103123549862906,0.02236688,216.773773
3533276187749682176,1.575533934476271,0.0146001661621064,15.19391815569438,0.0101981009423183,3.085310661679286,0.028612098,323.869537
3533740387814494976,0.648694375360977,0.0152510586484586,14.017329866004385,0.0107034919829721,1.2103233810023013,0.02122632,827.662842
3533814055093290624,0.6971824593876073,0.0145934727646985,11.713742669386978,0.0102910738511399,3.674314338487728,0.024351377,272.295105
3534183181762524800,0.7620660233324331,0.0145062615067666,14.742793580894162,0.0101542765575761,1.2783471166353004,0.02721895,782.504211
3535760809150244352,0.692961982478449,0.0161747337677608,13.78945316507384,0.0113023491029193,1.354853574136179,0.019287206,736.475281
3535978100134991744,0.8148017814140303,0.0166503294672546,13.24684301098225,0.0116239340767544,2.152585009537257,0.015623286,464.832306
3537472267717642880,0.7555765982208925,0.0159248920769173,13.788035532678654,0.0111257691248164,1.9430133538317989,0.01707484,515.240601
3537523390711905408,0.6845672016377135,0.0145821583174768,14.544838586179557,0.0102406778940078,1.155450263115248,0.023251157,874.855713
3537524597598964224,0.7873058178317628,0.0149345983822726,15.23306428394494,0.0102618210587141,1.1668017356930722,0.031246673,872.061768
3538956127379711232,0.8262235717464717,0.0148224938644139,14.877091046266262,0.0104075060691124,1.466714525014175,0.026809117,687.031982
3539378442923373312,0.9725027532685512,0.0149089135630189,14.54475209522733,0.0104683204376923,2.1557401511956797,0.029566,466.991211
3539594359519190272,0.651684796050428,0.0146135488949004,13.918176486885685,0.010292316542893,1.388589629394034,0.020270579,723.47821
3540191016376184960,0.7696839581317895,0.0147132483066286,15.06957827594669,0.0102673451729382,1.1500132640597256,0.03032063,872.925232
3540197888323870336,0.8128633390526767,0.0146351450718381,12.030025278480782,0.0103166352018799,3.591562362938296,0.014030326,278.44986
3540619447953729920,0.960353294156398,0.0143627311760627,14.557854477214038,0.0101018549086505,2.136681029463139,0.026350144,468.775482
3540916109934727168,0.7925922590567447,0.01459454658615,11.207614758827532,0.0102938223646266,5.728938344741364,0.021268327,174.418716
3541227099926616832,0.7535177162264469,0.0149995532890803,13.160532302912024,0.0105488933993606,2.0226420908921505,0.015287152,493.915588
3541648522117882624,1.184386632803874,0.0152138550005139,15.05685106848004,0.0105808051787417,2.4017278908380595,0.0288484,417.442902
3542225525203908864,0.9469897676780686,0.0144718681201612,14.718781992004834,0.0101502094227945,1.9193415669817429,0.025124446,523.055725
3542228823738792960,1.7157489893102855,0.0228755844194762,17.311522228972915,0.0104287747768986,1.249059820117752,0.096733674,814.88269
3542754527735530240,0.7041851398818787,0.0144615980751763,13.261140298708964,0.0101966835686968,1.9302574731064024,0.0162362,517.743896
3542810671548174592,0.6734039435736994,0.0149755805956049,14.22698597936961,0.0104891148673245,1.0868505210292905,0.023847481,922.536133
3543234258403312640,0.6765227371094092,0.0145078657067004,14.11045165515575,0.0101954748299524,1.118757698949461,0.02136806,897.269226
3543843147327052288,0.6685759258709919,0.0145421521080218,14.569890146518675,0.0101932475228545,1.1330853434735388,0.023926498,888.243958
3543949387638362624,1.027236017102168,0.0142863268428042,13.87323060652206,0.0100724612382662,3.416373455419742,0.024086561,292.700958
3544183167001373440,0.9501304790313644,0.0143124830996076,12.807396547108343,0.0101031607447962,4.169859401982947,0.015483942,239.816895
3544328135033891584,1.1165191726384238,0.0145275010532015,15.133027294701494,0.0101813533425973,2.301972594714185,0.027789902,436.428131
3544463100086687488,1.011771768953702,0.0191192816612593,15.134222534393391,0.0131969151692543,1.9130687871418957,0.032479383,530.910889
3544758422037565568,0.7768132835007718,0.016894808996051,14.288597231675812,0.0117726121722588,1.381954852484045,0.020884063,726.417664
3544758422037565568,0.7768132835007718,0.016894808996051,14.288597231675812,0.0117726121722588,1.381954852484045,0.020884063,726.417664
3545302817732016256,0.7314317399658001,0.0152291948987497,14.31440629015258,0.0106730051505331,1.3916885974374658,0.022370966,719.855713
3545414864838643072,0.6576698951751437,0.0144951998353659,13.745311770685683,0.0101980805679926,1.1644667803220563,0.017480604,858.847717
3545424210687578112,0.6555605422461852,0.0149337446072571,13.514092521385573,0.0105020841969857,1.147239583166449,0.01615166,873.162231
3546374223094424064,0.7627492290584408,0.0152870588365641,14.926101748733922,0.010678020285148,1.249771469510214,0.025575547,808.761414
3546836361575008640,0.8233517692691011,0.0149604971518549,13.707607600371238,0.0105155724014244,2.3998698291163283,0.017540284,417.020996
3547011527520975744,1.1984631666599794,0.0155175115131922,15.402080739696666,0.0108195495181907,1.7590915166908825,0.034243256,570.383362
3547099935127721088,0.835224916807959,0.0147123791292498,14.544732712739656,0.010328083083547,1.325339027817712,0.028817734,754.970764
3547410959479571968,1.975375716999376,0.0180331418440847,16.55482563610777,0.0102854141865897,2.845420457019512,0.063701585,351.238403
3547435865993126016,1.268893469716497,0.0144392983149455,13.517366020838535,0.0101812614415063,5.360395306696804,0.015147047,186.587433
3547571110220353536,0.8829278914013716,0.0146806650865889,15.156900931757098,0.0102456902837943,1.5475639954535203,0.027851917,649.878723
3548307645571796224,0.8041612398706989,0.0146118562784821,15.153635976411575,0.0101921422934325,1.2899232107526497,0.02978981,780.647888
3548372379318845696,0.648242870593274,0.0144521356101705,13.512148566339205,0.0101862713099851,1.2746136772275765,0.017908424,785.832153
3550239968537725312,0.6416605900026984,0.0149677024441349,13.242252262741232,0.0105224248781838,1.2896810785898023,0.015200356,778.194214
3550488252007608832,0.7793043716384616,0.0148841155307446,13.32084100780326,0.0104652035052705,2.6559999851195335,0.022742612,376.589386
3551218632669268480,0.65151781763646,0.0149902172492224,14.26770810802704,0.0104972042182423,1.0950493854799208,0.021308579,911.886169
3551508152121104768,0.8448943822072142,0.014894458629371,15.182066783441869,0.0103592558547044,1.3644332754252737,0.028388593,740.554932
3551540931311571840,0.9693004053665574,0.0149651421085072,14.838620202988412,0.0104599183775085,2.0087979512460556,0.02593721,499.91275
3551854047311677952,0.8376510241189044,0.0151230638457979,15.044292985544349,0.0105481155619301,1.2844646916570557,0.028171742,785.313538
3552024647708468608,0.834744894240007,0.0156084593759855,15.228223673257544,0.0107882418750953,1.1726399351796213,0.030956285,852.542175
3552078867375810688,1.4737950262754569,0.0141907252160545,13.440646573199356,0.0100103197103852,8.058794837016471,0.01470512,124.153366
3553449855296653696,1.0532483722090225,0.0151627234318055,15.189868238917478,0.0105342369818305,1.9060657173730875,0.03182119,526.312622
3553472738882419200,0.7334864428908646,0.0148734647690617,13.751110583391991,0.0104585726873594,1.8424549716075056,0.021154795,544.8526
3553520498918723712,0.993636725347233,0.0150186989762984,14.7393402622251,0.0105070170631927,2.0214517626308073,0.030526927,495.878876
3553528504737819904,0.749406481334274,0.0151911993294316,14.922441437706397,0.0106116208668859,1.083660369931105,0.026489656,927.334473
3553706178943999360,0.9599273468077772,0.014870633559878,15.328973132279266,0.0102512623565517,1.6026502225659676,0.035743374,628.487854
3553945391443041536,0.7520060630524131,0.0144733322533837,11.24797161924541,0.0102124041456254,6.178967766048707,0.03575975,162.086288
3554116399860488192,0.8609314210864184,0.0150210533494689,15.013887380719575,0.0104069433086223,1.507424088259314,0.03558714,670.052979
3554252567503387648,0.7317504331006669,0.0148187283773317,15.001933665172944,0.0103448268570553,1.12751639382836,0.031429913,893.960754
3554604067626862720,0.780185177527356,0.0149536062093969,14.665553968690274,0.0104055662092531,1.4412528953919443,0.028413529,693.719055
3554793729086742400,0.7411947833277769,0.014706808001843,11.969952518270253,0.0103598396641695,1.9737156838858405,0.017378042,505.694641
3555171140748861696,1.43386680072866,0.0147151374289701,13.56456158177945,0.010332587984643,5.291682999014066,0.017074468,189.041824
3555273223531431552,2.6351605708386536,0.0299083734233008,17.16853197915665,0.0100543266600003,10.0003155444813,0.09438946,100.010124
3555482268179825920,0.7666571629292906,0.0149027497266336,12.721361567920606,0.0104856019689881,2.9003033998469907,0.02043867,343.929596
3555695294262011136,0.9715270758578196,0.0144840298669601,11.839436240561303,0.0102153789748365,6.338009453587858,0.020528367,157.913422
3555982614690064384,1.850588326393539,0.0177220945663883,16.197413061802663,0.0102293796436593,4.602788665622452,0.055726428,217.386551
3556830441234323712,0.8650421688680677,0.014723961831828,14.79663439040413,0.0102431630768066,1.448645597538624,0.029805914,692.088623
3557076079003734784,1.9144573901436048,0.0216683235362754,16.87468327317991,0.0106729070574967,3.1596584755518027,0.09414995,318.273376
3557335185791099008,1.194562488767552,0.0146527283376995,14.96239474004261,0.0102189500215529,2.6631437555790702,0.03421063,375.567993
3557885182123420160,1.4534080206282172,0.014962258956724,14.949833625364802,0.0104311739868436,2.9355956822078464,0.038234342,340.792847
3558481186145535872,0.6187613924800144,0.0148655352034507,13.607655728006616,0.0104489338610687,1.162675400283523,0.017820131,859.850403
3558884397675135488,0.9525080657647552,0.0150306867680025,14.68005221280482,0.0105009377442552,1.9910000578896103,0.025004094,503.785553
3559565201531423232,0.6404711050412527,0.0164350464557057,13.565882040865736,0.0114829198428585,1.5521324509251535,0.019194592,643.228821
3559966553338613120,0.6841126724291278,0.0153421436364084,14.905713427473565,0.010701310817524,1.0939146277880751,0.028870417,918.382935
3560129147917178880,0.9489271472003492,0.0149230463256963,15.35050781632222,0.0104086860090921,1.6405012116056932,0.03340508,623.109375
3560463708689448192,0.6311655434059703,0.0145000951783361,12.289990725780411,0.010219888809346,2.6113962088485048,0.01593746,382.663879
3560675227239485440,0.7654528284730413,0.0146136541153388,15.112360701368592,0.0102258978158586,1.075478044779932,0.027374398,938.449402
3560870424913008384,0.6844352523103157,0.0145703299291877,14.515359099449972,0.0102289524573311,1.3030883758128509,0.026864331,770.10614
3561687430771110528,0.7381623564267633,0.0145447398543178,11.572493358887934,0.0102587333667926,4.164746312361417,0.01833005,240.020294
3563921191721559552,0.8607354617882124,0.0164370701938844,15.131226911261257,0.0113811521147887,1.295828659508496,0.033383623,781.045349
3564415349183023616,2.275063070769638,0.0260296961046626,16.919710466918264,0.0104167907724784,2.872588975841556,0.08615586,349.387878
3564869726658956416,0.930478951479668,0.0177195874548216,15.111336548952682,0.0116353047495398,1.3805881055362454,0.030793844,726.332336
3565239849760996608,0.7145163131810947,0.0145935821260948,13.23677417820795,0.0102704064727943,2.4060617567198865,0.014762259,415.867706
3566122070403121408,1.8535134373951572,0.0165033105095937,16.28353619153699,0.0104895788224232,3.1979157409133223,0.053198706,314.140137
3566816480715472000,0.616077818750756,0.0159461912314705,13.753302154949992,0.0111537250030141,1.2707512299407846,0.017801533,789.539185
3566819156479889024,2.6075082696085796,0.0288122634850347,16.88584193879218,0.0102530830268084,4.750148409085678,0.06914622,210.365356
3566904750884044544,0.9584957421882684,0.0149950026768356,15.419225863405671,0.0102859226081439,1.4609080599298028,0.038431935,691.572815
3567115513518633728,0.6738741140961343,0.0153323611383246,14.182679975839832,0.0107403091688295,1.035736773000878,0.023042446,966.358704
3567548136984475136,0.9044374187255716,0.0159064710766996,14.915875589284443,0.0110858806013078,1.2294524253607737,0.031824138,812.530579
3568181971079109504,0.9225868695142092,0.0154659345562981,11.762113852413346,0.0108607839581375,6.072494699768447,0.023818573,164.74382
3568294155625004544,0.8977908583204169,0.0145003606164433,13.762804380665395,0.0102175069723605,2.935574867445666,0.017596463,340.404083
3568611021131512192,0.6488267623367414,0.0155308484800895,12.97510275298714,0.0109008730346037,1.845988546570546,0.017884804,542.05188
3568727638083272064,1.8884356613523123,0.0211199840397971,16.828146379677907,0.0106886280951039,3.169932725899798,0.08540176,316.530457
3568786771192922624,0.7254049020453677,0.0155463289093111,13.21389924385907,0.0108959849899843,1.8945561030517977,0.01683822,528.109131
3568884902607034112,0.6848316996947571,0.0155428815760366,14.377160823387806,0.0108908572244494,1.0514720363252863,0.028456854,954.655518
3569456270694917760,0.755936852776165,0.0150185413848603,14.217856827700713,0.0105021172464633,1.291551516690208,0.025016127,773.010132
3569527395353294208,0.9176352982088352,0.0154226495166399,12.048321259774267,0.0108186412212858,6.365191726916551,0.020199222,157.084518
3570612922567670784,1.075563725569951,0.015394475586089,14.451861691222014,0.0107910205404955,2.295328075998589,0.02867926,435.90213
3571009708826236928,0.73028537775407,0.0160353728088399,14.58221793958344,0.0111780288215788,1.0954958683877976,0.029676463,920.937256
3571115261942573440,0.8279001288655148,0.0176371783937957,13.831941790980364,0.0122700389057151,2.613953784744976,0.019573614,383.284393
3571344613196033664,0.744623913053414,0.0181809734776011,14.23811870798824,0.0126001984321637,1.2638127583891343,0.027472807,792.874512
3571979031406492544,0.8127034901083727,0.0144210711355135,14.682494226865632,0.0101322429652784,1.4098074022559517,0.027270583,709.483765
3571983051495893504,0.7512483591719024,0.0148213695555866,14.742207141371988,0.0102946994175383,1.1230792280141375,0.028479403,898.896606
3572031979763278976,0.9825736245687184,0.0146309835238519,15.167539691972683,0.0102542388343635,1.6756568174763515,0.030962316,600.481445
3572174263440213376,1.8203185000000008,0.0141651019529064,13.132106,0.0100016366034446,14.631389905674196,0.014291837,68.359375
3572253600076129280,2.088809125026674,0.0171285852681531,16.788516560886304,0.0101474841739988,2.7261440081643182,0.07174923,367.887329
3572357160327067520,0.6725955640932808,0.014969899644161,12.35777480646392,0.0105347432229329,3.066360472408214,0.024334816,326.319153
3572694195000456448,0.712588317017945,0.0144674483012753,13.640298623794576,0.010198047961575,1.4385789653807488,0.020428266,698.380615
3572742676591656832,0.604178361307152,0.0143955651294647,10.109090988066209,0.0101634112341044,4.737598345659581,0.031089816,211.514084
3572819092649693696,0.811336803506072,0.0148102446610526,14.791284656092714,0.0103701423956262,1.219783400281906,0.023317363,826.570679
3572840189528986752,0.8063629503982063,0.0146518422410336,15.035404258751052,0.0102697221726793,1.3361261329953904,0.031364776,752.792297
3572921003633584000,0.9132012894598116,0.0147772329964837,14.844005565093926,0.0103550703573476,1.3774572479118634,0.027848637,728.572327
3572932411066733312,0.6865613234723852,0.0148097134824484,13.780743743873396,0.0104168958589008,1.743582083311075,0.015813408,573.280762
3573024735683701120,0.6804858492071126,0.0155177100487902,14.771139113860562,0.0108524313005299,1.0110417158958236,0.023007829,994.096497
3573240377402013568,0.6574296300845591,0.0152952476334328,14.269446614132487,0.0107130527905135,1.0951933519016588,0.021001099,908.382568
3573477489660340224,0.957211331447642,0.0145014479919246,14.89379832811668,0.0101576311032112,1.6681909432522142,0.03072434,598.044861
3573662658586422016,0.986218450134784,0.0152920783180246,11.846348935003254,0.0107449038926986,5.923721547113803,0.018012358,168.762619
3573758041219708928,0.7607072158088235,0.0159146141122886,14.874728124148092,0.0110613479033362,1.167518289446163,0.03715543,862.312561
3573856894186934784,0.8478174018335198,0.0162103584405845,14.692196527957984,0.0112882959094705,1.6741348633540496,0.02838313,598.17688
3574345936342733056,0.9139806008941932,0.0203873521533285,15.317973155219171,0.0139431908180862,1.38957805216,0.051235456,721.849487
3574433175718353920,0.6916255142408474,0.0161502578541388,14.064347667641714,0.0112672299977111,1.2936819634773458,0.023406243,774.474976
3574521480247029376,0.723579804136053,0.0156008368876834,14.879008255359192,0.0108576718798633,1.1040982384864046,0.03820055,914.079346
3574626792844735232,0.6875106498321808,0.018227445617141,14.293904880672134,0.0126072706034215,1.0444946279723164,0.024428045,957.831909
3574839342186616448,0.7261960908324108,0.015377562319194,14.802481817595092,0.0107505230720629,1.30012527633733,0.025447002,776.796753
3574966301419979008,1.3683177732823923,0.0152301330792561,14.15892956566539,0.0106757841754444,3.768097969002805,0.019123951,265.387024
3575250422096362368,0.7917340310393449,0.0153286713942116,15.076467555665962,0.010672549503717,1.227245951950301,0.029500652,817.78064
3575359136308707200,1.0225474326718054,0.0154556149955313,15.03993879268294,0.0107275628658684,2.109822167314479,0.027650293,475.479858
3575721494110285056,0.7105387088336904,0.0142466423168363,11.74411910840141,0.0100641465407972,3.3530744010979836,0.023690602,298.572388
3576418034724587648,0.6622321845228999,0.0144469014916056,13.01550710675198,0.0101740301773478,2.264657468826588,0.015502494,441.527405
3577236861649523584,0.6324439762735342,0.0153821295523395,14.26190177912789,0.0107563367713798,1.1583195501997412,0.023548862,866.714661
3577239919666283264,0.8997838465515526,0.0148176626624091,13.106514517988318,0.0104209595721398,3.0293675282600927,0.015295113,329.981384
3577410378328338176,0.6979690040383706,0.0147170169910299,14.63603695202488,0.0102983375571137,1.1561906099372707,0.03416726,861.783386
3577661651095230720,0.8601407364726554,0.0145502151283297,14.870745196312166,0.0101762030271213,1.606440582554769,0.027721705,627.617065
3578520816352895104,1.943405454164942,0.0158181601488915,15.543822468126246,0.0108012527053744,7.228511488109472,0.0370817,138.181351
357924952198845184,2.1467729999999996,0.0145411345033703,15.386245,0.0100096033606462,16.564927491088117,0.035575725,60.4190369
3580648130835080832,0.643003493687298,0.0181988210067493,13.417952897141111,0.0126359127380791,1.3488625574477624,0.018620992,740.841309
3580767427846635776,0.9183803907447908,0.0153005449616099,12.11613525011535,0.0107479853075133,5.377428665565561,0.01786166,186.018295
3581594191871492864,0.682940810213532,0.0169912276572066,13.993042167696071,0.01183957942967,1.2689670094446943,0.020364506,788.376404
3581695621819186304,0.743136576587951,0.0180313157907857,14.346747131786666,0.0125213280399797,1.1687759036823144,0.0240583,858.39801
3581790970093037056,0.9631076099842888,0.020981874689979,15.401986078154009,0.0143978757104847,1.311739302891151,0.040522993,769.060303
3582146146708695936,0.8340801622268089,0.016400961714228,15.291538433406664,0.011363052600994,1.0059341500232124,0.046136428,1008.94922
3582459816760136320,1.828720940599251,0.0150516401594721,15.499582775139976,0.0101169459115994,7.080646058053078,0.046295088,141.271423
3584263909183211776,2.5361025,0.0143186616275333,14.516407,0.0100082086429035,18.943628784372212,0.027127724,52.7980423
3585587996060831616,0.8466808191573378,0.0157982162762596,13.889422124249732,0.0104574533908486,1.358300935954554,0.023437126,734.243713
3586712624657771264,0.755924397771676,0.0142861072439025,14.32686857830957,0.0100678604166126,1.2530104512852571,0.02085163,794.704041
3586839652609297536,0.6582356144457375,0.0144334217916439,12.496273149631204,0.0101736005619768,2.6509653037775,0.019186003,377.208344
3587094052112680576,0.680933997658013,0.0146123918226373,14.914942951942304,0.0101921827606901,1.0413416261760504,0.028634446,966.701965
3589167387445077888,0.6775688788716693,0.0155564986523103,13.813986492565974,0.0108992107494327,1.3679575313732424,0.019334463,732.563416
3589550086210801280,0.6149994667910063,0.0143162885699984,13.02990326222301,0.0100952116372277,1.359136276840292,0.014328323,735.927917
3589678282394594176,1.7832564980205134,0.0170503974325639,16.406478980479868,0.0100786370343491,4.089636755884357,0.06696917,245.782959
3589762498113315584,0.7478524627018085,0.0148103991432158,13.503605857316533,0.0104137565946792,1.6068687855378192,0.024249455,622.300415
3589856540717299200,1.218619486741753,0.0142758466168052,13.613797598157973,0.0100540632261194,4.089346731505322,0.015997434,244.558914
3589894954904696576,0.9691989679465598,0.0148296092334823,15.290898648207834,0.010264616900054,1.32609776444631,0.033723723,756.272034
3589946803749889280,0.629443550120966,0.0145341763648351,12.842393348778314,0.010245741566006,1.6875508860319866,0.022875423,595.384399
3589977452636553088,0.8410802976005642,0.0143072124051113,11.503157023745388,0.0100986518456764,5.7368445144201665,0.020193325,174.089005
3590038956568152448,1.4376989553555124,0.0145437746569221,14.701631035776028,0.010146666174173,3.644064512223649,0.028095234,274.151276
3590974258710934016,0.7521669265700245,0.0145012934627928,13.371545013471549,0.0102103292047113,1.506862841531852,0.017017767,663.694153
3591035045383558528,0.7363282294189647,0.0143593103687511,12.549976946759232,0.0101069707739055,2.275856351616376,0.017460061,439.277527
3591095243645039872,2.050279999999999,0.0141908533886642,11.559626,0.0100084902530608,36.97659939732962,0.019170068,27.0455379
3591759967143669248,0.6568208453726381,0.0147187405913116,14.142747697334167,0.0103339566453524,1.259030033655675,0.022709206,795.36676
3591774913630053632,0.8583325637009922,0.0159877933592857,15.11529594615032,0.0111023263005698,1.3213443867465728,0.030370913,760.947266
3591839235060215680,0.8014463909631092,0.014293432696266,13.835742104043328,0.0100774473910909,1.655780345436792,0.019517232,604.00769
3591941386561994880,0.733014086667211,0.0145105793505306,12.18902624063058,0.0102251907976428,3.5949097068937452,0.02347344,278.233765
3592024296610637696,0.6353256439112838,0.0143458034173042,12.960995868150126,0.0101181310360685,1.5646425931207182,0.02232221,639.673645
3592527872936353792,0.7353894436149867,0.0146336663898641,13.75634009446059,0.0102972506666624,1.833591420004573,0.01772914,545.342468
3592879682297485952,1.0080613493629411,0.0144335078280579,14.37967684418247,0.0101225708040326,2.6811400716565,0.023262145,372.792847
3593251317227598720,1.742684952027972,0.0142912520260657,14.15896488898322,0.0100315024990578,6.971876133414557,0.021678593,143.434097
3594230088736174848,0.6578474308015156,0.0163287783507847,13.937626901700716,0.0114101890728839,1.1300986096550838,0.023554938,887.671448
3594389724080479488,1.6513692752434352,0.0144512366654568,15.596395751009856,0.0100719307701735,2.6662591303896335,0.039875794,375.028778
3594431196284737664,2.630928815311871,0.0164245712511459,16.385952966782245,0.0102165529213091,5.465534835020111,0.055065658,182.840927
3594522902425885312,0.7438038698171334,0.0164885631263714,14.626215359045323,0.0114430152436348,1.4371401201857443,0.028249068,699.438049
3594796852620226816,0.931792969139512,0.0147084117285573,14.764703355087349,0.0102941502286933,1.8470103500842556,0.03508606,543.765503
3594799463960289024,1.0611561635290037,0.0145775551617553,14.004011951632894,0.0102537225283938,3.3420102982421325,0.023804877,299.702881
3594809393924634880,0.7223016880687649,0.0147618517786172,14.988165649845651,0.0103487893811613,1.0328365115805624,0.030304547,970.052368
3595400999899455616,0.7575309887023408,0.0150892535374763,14.193793835559676,0.0105965008124694,1.0907915513199846,0.027680274,915.115967
3595428384610759680,1.0510215929286726,0.0170252761081984,15.254565958403685,0.0117786929901601,1.4396978154506164,0.036798127,692.515076
3595569671856120320,0.6766699268265389,0.0149279757733712,14.919592240353849,0.0104739784023602,1.0386865665199536,0.026696688,984.082336
3596902383027666560,1.215045210431972,0.0146428513110599,15.585435966176334,0.0101786571614901,2.3011001334895,0.03738587,444.186523
3597010646266459520,1.0200139999999998,0.0336165423035334,18.36341,0.0101522426241604,17.51905961886356,0.209768,57.3052368
3600703016767687552,0.7878416133968924,0.014824900612488,13.93305706530302,0.010288149708913,1.6946467170856188,0.02920818,593.263062
3603685265962820864,0.6982705015053833,0.0163146421124247,14.013919190527233,0.011363184461942,1.0653724736029904,0.027704313,937.491394
3604040481233555712,1.0182093224322064,0.0152756247611127,14.40844375641407,0.0106428631899102,2.242260662072715,0.028714782,447.58197
3604141120907278976,0.823515979208932,0.0150739293025697,14.309443463912462,0.0105347021553758,1.8760363567369296,0.021631671,534.052856
3604478567897791488,1.1094595477436309,0.0150104881410469,14.728317692904904,0.0104617027922792,2.7763932961473152,0.031477716,361.42627
36052612614861568,1.0651721696567908,0.0142243041848127,11.3033065153976,0.0100454834778917,9.16178500331277,0.021315724,109.244316
3607675019998451072,0.9477229833831252,0.0149762183582387,13.627672459780351,0.0105166356382822,2.6291499229213513,0.019078702,380.517822
3607675019998451072,0.9477229833831252,0.0149762183582387,13.627672459780351,0.0105166356382822,2.6291499229213513,0.019078702,380.517822
3607823728946061824,0.7604124575283223,0.0159976631105978,15.29136762467275,0.0110968043898411,1.1170784273448633,0.04035129,928.960205
3608939389650904320,1.0635560449928656,0.0154766850585007,14.655909124695812,0.0106227560862162,1.9800137350180769,0.026410276,506.12442
3620996599801338752,1.058921457267702,0.0148624500011568,14.6154109268383,0.010359371663712,1.8789586954728692,0.03135183,533.063538
3638416437397976448,2.1460209999999993,0.0141674741653914,13.062007,0.0100025329214937,23.02955022502548,0.020284537,43.4216232
3639686609550782080,1.647056000000001,0.0141799347380246,11.851968,0.0100025375532882,17.2631433136391,0.013022707,57.9300652
364093659107258880,1.0404231361155143,0.0145905239499958,13.43715941742165,0.0102747351656078,4.0774508560153695,0.014431026,245.081055
3646702288305421568,0.7956898697007593,0.0167067167109063,11.184713312818156,0.0116661462949198,6.703850072725709,0.022399722,149.132309
3652645664049487872,0.9159514343638648,0.0150158643876979,10.943834475092226,0.010557277163087,8.034047940974618,0.022892501,124.427361
3659356666413267584,0.7351775125717006,0.0146318425564338,11.51943645864182,0.0102993008541442,3.682656158440863,0.022758558,271.439667
3660842695033255552,1.9419133923259448,0.0142328585236125,13.602257531586371,0.0100052796652788,12.33954839003355,0.019201182,81.0359344
3667362661546965248,2.1797950000000004,0.0142610913951879,13.940937,0.0100097467381527,17.765297334055706,0.019718215,56.2644653
3677282043136074240,2.288842999999998,0.0147784156621358,15.205945,0.0100075204291558,15.781457289874592,0.036532853,63.3806152
3680935136160410368,1.965978,0.0143061309386187,14.181332,0.0100067871557264,19.18749027849065,0.02819176,52.1010628
3690454742192749440,1.5498580691117083,0.0172923760736562,17.090135558181927,0.0103080241760655,1.398650818811619,0.103292525,751.713196
3699174968913157376,0.657081994574313,0.0142878885193315,10.917429832249717,0.0100777404611788,5.654570589054051,0.020408152,176.834015
3699954179060804864,0.6542129618768315,0.0141813827618678,9.523455278258645,0.010023162567635,9.43836567980222,0.017534433,105.919769
370231339171007232,2.0760415877401956,0.0150863272675154,15.458071322583567,0.0100182612954487,13.336335635295706,0.046245683,75.0547409
3707982503727616768,2.05757686613236,0.0191910086903769,16.72739473215117,0.0101913602680668,3.9991298558949113,0.066941045,250.664688
3708243672099616128,2.8359320000000015,0.0145614585573615,15.1721735,0.0100146036641314,20.305310519449947,0.030371662,49.2523422
3711159130259226112,1.0487127585818472,0.0176719768842953,17.40678078576532,0.0101400435788904,0.7635057698112133,0.090310186,1548.00305
3712352474036704384,0.7051433851033033,0.0143933498618772,12.142068730863215,0.0101589496937924,2.3171475917730104,0.022958513,429.680817
3722171147232591744,0.8136125022487857,0.0144177797416394,11.837620843279156,0.0101708977630667,4.275985104596958,0.018135516,233.838211
3730392165610536832,2.2061048193182047,0.0147085935596196,15.713689185089745,0.0100197822814315,9.829276360857367,0.049107462,101.82473
3733569204458214912,0.8751598109614247,0.014242979812613,11.450427111013472,0.0100609746866769,7.043756266432697,0.021878084,142.013962
3734656754601325056,2.502205952296376,0.0150456222213776,16.0828105250892,0.0100260847176994,11.30485652960904,0.05360817,88.3893127
373554956665232512,0.8148455947668994,0.0141620041925634,9.814274952230228,0.0100101250575138,9.30786573580325,0.017379198,107.49073
3735659891458671360,0.8362974041302644,0.0171663287057941,16.789182002079365,0.0104306710193812,0.6180587446662715,0.061932825,1750.10681
3747834955511483136,1.3600426127690883,0.0157133848935056,15.3318898534499,0.0107756801238465,2.6448379420347035,0.034871668,378.610718
3748138180202672768,2.1379304303953126,0.0173907852188199,16.299420696324223,0.0107906571930791,6.218565030405435,0.069591954,161.48201
3748354543475129984,1.151857803739389,0.0151287926677675,15.513157145642564,0.0103356211084378,1.974088197362566,0.03520092,508.202911
3748719409536912768,0.6910894832339406,0.016319981296487,14.325463421965084,0.0112779318672986,1.1884369086691862,0.02978824,847.824829
3748964944227054848,1.807168227671473,0.0213348423509083,16.448855856253733,0.0121789599388364,2.3368028959617635,0.06591782,433.103027
3749373893833258624,0.7316389869832454,0.0158457520444155,12.828663670047897,0.0111061743085686,1.654788508378732,0.017300561,603.171753
3749418424054231936,1.0577866122283637,0.0149846173854476,14.792495663554911,0.0104061442800989,2.46856084485707,0.030846464,405.26532
3749848985936082304,1.0438790295698068,0.0208542200805412,16.47821667392392,0.0131931098924734,1.0602554156634088,0.060665213,969.891052
3749995908177062144,0.8867495490105045,0.0167806379495447,15.160950419296096,0.0116206770438117,1.4872268060819034,0.03158359,675.980347
3750040197879671808,0.9827539321725532,0.0166877171005005,14.764773318363543,0.0116021198793314,1.836246264138967,0.028358977,546.138428
3750095104741675520,1.012686608248303,0.0160493599173388,14.257747115999788,0.0111849659752631,2.383174167583592,0.023223897,419.863861
3750202513283751808,1.326557711419924,0.0158907015580544,15.37969423803952,0.0107186601411176,2.2874187991287225,0.038427625,439.892853
3750434750755278080,0.9594295179519574,0.0150350951796076,14.565366533084974,0.0104574498465591,2.0135630843926675,0.028650278,497.453735
3750494983376667136,2.994081999999999,0.0161505723570422,15.299888,0.0100437533854701,22.236557291938944,0.038394194,44.9677048
3750645921412027392,0.6630200604701382,0.0151657024233045,12.808155502932054,0.010642728044283,2.167076859792305,0.0171268,462.151367
3751000827445146624,0.6615795842276427,0.0158521424836009,13.978052381248451,0.0110637410651366,1.0782387631424328,0.019082563,928.858276
3751045357666016512,0.7186188931274449,0.0151402196495,14.574129246192625,0.0105108632108735,1.3747493452185429,0.026085576,731.375183
3751294397049425920,2.048100079359873,0.0166350591550849,15.691737970011962,0.0107122891305485,5.407397743726323,0.043793105,184.973587
3752590824337765248,0.8002841923626466,0.0168963465012945,14.827553934077796,0.011622210616594,1.5277307555569242,0.034311656,667.272278
3752872814710616960,0.8715096478517211,0.0167679625684125,15.024046962845055,0.0113939925765544,1.3915976127455605,0.037275705,721.990295
3753221424320362496,0.7904763594446578,0.0160141512267214,15.072159214532288,0.0110395296697319,1.1099100717870467,0.037339848,910.949463
3753226406482427264,0.6589262504041009,0.0178811472767212,13.475000140602509,0.0124236810352651,1.7278927553700356,0.021273198,578.9729
3753293480987382912,0.9624205249370908,0.0160226353719242,14.992748642071104,0.011086246641297,1.7701249224435345,0.030281877,568.863342
3753626804809428224,1.703725497422076,0.0174294906442276,16.493820996285756,0.0110033938008252,2.3097378047600996,0.09838209,441.96051
3753842824484378368,1.0898942586607605,0.0154350591468905,14.658406669693315,0.0106818947147014,1.935163186161146,0.029020786,517.467102
3754180168395887104,2.0045577675946933,0.0198127665883779,16.565881572959356,0.0107359516347971,3.843579791841897,0.07093924,260.745697
3755088154546789632,2.101949671399123,0.0180230246911418,16.155943682164423,0.010913510261163,6.680837360105899,0.06906612,149.97554
3755168968651453568,0.6304248699517134,0.0150542964991377,13.341671591747945,0.01056095288772,1.7814651669400612,0.017987201,561.21582
3755716254859103488,2.1988112412890706,0.018742585455037,16.254776782995343,0.0100281807673694,8.445362678640835,0.06831016,118.52108
3755827786570039424,1.333909197194873,0.0157889373539326,15.277386568006673,0.0105600434302213,2.694999819723459,0.04564266,372.316559
3756406060966877696,0.6698852768192725,0.0155457361450685,13.663254441671684,0.0108887808187104,1.399841936876685,0.016812123,716.304993
3757192486658673280,0.7760000134433285,0.0148446952871346,14.03227516369682,0.0103894084793331,1.8986745768407431,0.019826205,528.522705
3757269074515513600,1.8184194438439156,0.0203407661923909,16.706182918142492,0.0103882951189027,3.4938335226312724,0.069997385,287.993317
3757867792956885504,0.9094675243028192,0.0147104787087805,14.821784527057927,0.0102505761429123,1.8145384449397832,0.02607487,553.330078
3758021926449468416,1.0692524510699544,0.0147519843511729,13.426673266087636,0.0103679570122697,4.3593457693458175,0.026820285,229.643265
3758688647106165888,2.127597771887736,0.0171911374290607,16.1586699588848,0.0103692073034065,5.717358011457088,0.05996431,175.449722
3759495207604797440,0.7026895672111285,0.0162152629691619,13.528358095713267,0.0113125496218184,1.207926133732066,0.01972816,827.74469
3760838123618822656,1.9763078554728928,0.020113013923826,16.8222502456855,0.0102981287095159,2.31476742598754,0.09466223,434.427856
3760842246787437312,2.3980117672946832,0.0198221330135899,16.507538267301467,0.010266515323622,6.928447149372858,0.056528393,144.593384
3761420521184085376,1.0091600857254064,0.0154369822086357,15.455745335683645,0.0106660195027638,1.8176543417080009,0.039841555,550.016663
3761436803405257728,0.846381747331497,0.014798191382921,15.203533916814894,0.0102229973474056,1.2655884867673528,0.036725797,798.286499
3761730480383906944,1.9599276059200443,0.0146308045613833,15.183558995329086,0.0100197066686143,8.092403010077396,0.031030007,123.672867
3762123968107753344,1.4355770134472827,0.0155200534030233,14.75593051721527,0.0107130184073387,3.81915206077032,0.025497528,262.048615
3762361423964622080,0.9270104849189288,0.0153791124586985,13.8761298755473,0.0107491971810546,2.762428632683908,0.021355733,362.401154
3762480759630488448,0.8180991862991309,0.0152270206948844,13.616079791743376,0.0106819391371885,2.509908175027016,0.018093118,399.45282
3762716226917950720,1.889674486372082,0.0187182475374756,16.369252461858533,0.011414491238704,4.99447979174039,0.050815873,200.597519
3764309316187292800,0.7309542255631545,0.0151376098874149,15.179719108884576,0.0105283885117392,1.0851469561474325,0.03046841,928.734253
3765536091990774016,0.8353473822897384,0.0154076465973698,15.014918258175795,0.010648010659914,1.145545237011882,0.031100128,882.930542
3765978374838476800,0.8581024191609766,0.014863671944595,14.851293757186468,0.0103068530264345,1.5741726406632948,0.026387772,639.486145
3766523835685045376,2.5023902758136973,0.0198504718405429,16.327145105610185,0.0105866057478025,5.739632387895751,0.061845556,173.984299
3766655845799860864,0.9293566095229604,0.0154084573474364,14.781914931994228,0.0106687950837342,2.006974117102203,0.025789862,498.806
3767505596489329664,1.0605285800472224,0.0146937098941308,14.409889444690698,0.010222226849865,2.5900574194260177,0.027369365,386.161255
3767525971814171392,0.7145495218487122,0.0150949690965278,15.132474326243663,0.0104487064336702,1.002770022922974,0.039587896,1012.133
3767964466500308224,1.8171044311507916,0.0173486885746195,16.725075241351025,0.0107094210967281,2.165712236821882,0.067226216,464.614105
3769026564668082048,2.06861205224498,0.0227155399225688,16.753967690608448,0.0111705946661493,3.107553602737542,0.06578356,322.781738
3769383802867788160,0.8413795721086776,0.0152847753503962,14.703920470687036,0.0105661577481168,1.5791923140850477,0.026728854,637.613159
3769448326161408384,0.778539349034183,0.015993299316477,15.228091660745692,0.0110622273684847,1.1080463464779304,0.032721605,908.014526
3769454236036209152,0.7567272377684845,0.0148372039000249,14.73176741307345,0.0103408276535167,1.5178098621069878,0.028006656,656.967651
3769529793100729984,1.788797216959234,0.0184587661087479,16.672736663876115,0.010940547378748,2.0651689816461136,0.06660327,486.835907
3769577385633781632,0.7375347388872078,0.0149592408801198,14.42087197332205,0.0103776143192042,1.5452366231219787,0.0246199,648.331421
3770143153085747712,0.7194209455640754,0.0162053679245079,13.97448504128343,0.0112799209093014,1.707899748412188,0.02030745,587.943848
3770299142002263424,0.6898931078189507,0.0158267687838916,13.874325489271556,0.0110362721721955,1.289091961046189,0.024031023,776.401672
3770351510539113600,2.0264266678960996,0.0277462138904298,16.608966653680444,0.0174572472718464,5.35876322792302,0.0758022,186.929047
3770825537489673344,0.8915748724731668,0.0145603309550532,14.989308490027431,0.0101633649977916,1.5017010777412745,0.032838143,671.786194
3771020838242663680,1.810531246234589,0.0153934982555356,15.471094182273829,0.0102522273723655,3.3860978011014344,0.034765214,295.915039
3771023758820322688,2.424213511642386,0.0194918651810858,16.61446507672117,0.0102965656269977,3.4137647375892404,0.05995531,291.795563
3771177381210560256,0.7313575751225563,0.01490585795331,12.348715808163911,0.010484868684744,3.3930452788412833,0.013410817,294.642761
3771440233208956032,0.7471318359676091,0.0172115653555357,14.455276565565237,0.0119105406002192,1.5305660799023029,0.025377845,659.609497
3772377807389929600,0.9151818583914446,0.0150480877011795,14.26738937111586,0.0104972027107075,1.9529668521252777,0.020594127,513.031677
3772555412877424000,0.9892429434704638,0.0154318310483707,15.420180594184494,0.0105950647318806,1.474374633996645,0.03247162,680.485352
3772863860248699136,0.8182078989835015,0.0152059250642829,14.751437109680344,0.0105671559318176,1.5119216262997996,0.031468738,664.338745
3772993018505365376,1.6326459548942267,0.0156812111709912,15.40518098646863,0.0105029565089569,2.963889870095586,0.055235334,339.968201
3775079307459277184,1.0256656212801607,0.0165570548551046,15.393463379394785,0.01128365135571,1.436066292378228,0.042799454,703.350708
3775298552654288000,0.6868530275060045,0.0156514748745883,13.757819146978784,0.0109539256970416,1.463494556721202,0.01774869,683.732483
3775565566476827136,0.6667257328488616,0.014869841261937,13.09847894483717,0.0104543316066578,1.630413124211521,0.015801627,613.640198
3775963447951605632,0.8730992988255504,0.016008122229121,15.17497357330111,0.0106752236200105,1.26545415016299,0.03198305,792.996887
3776371474140091264,1.353604376575584,0.0163807609189762,15.470950508760616,0.0109769479168466,2.588412286038019,0.03947851,384.949341
3776542654356610688,0.7470904319764206,0.0169662373350544,14.545099960845995,0.0117823625592408,1.4681465901126851,0.0254339,683.976074
3776661298533279104,1.1772074337987788,0.016060939847745,15.37186615803205,0.0109677756725428,2.19215023582843,0.033172403,457.464569
3777055576531165184,0.7401602074787482,0.0155762333346801,14.661775653028409,0.0108490330826584,1.3051451660400677,0.025611943,766.998291
3777262215997712128,0.7864018738343461,0.0154038807790597,14.341058417567313,0.0107730700888278,1.2851627004587505,0.021351239,780.911133
3777317913133587584,0.9478677757049592,0.0150845258774796,14.538093060608263,0.0104565380732838,2.4038952544980496,0.027934916,418.546692
3777506926054205952,1.311820797766385,0.0153613769283253,14.86867877103554,0.0106320210020679,2.5632158375219567,0.025024999,390.626495
3777715180428507776,0.6814988520237459,0.0155958521925327,14.122177346844396,0.0108884363179817,1.2556543070830588,0.027380852,799.350525
3778142478134733312,0.5919618083071718,0.0342915414041073,15.08577141639328,0.0233534894175708,0.6873884371274531,0.028392935,1452.27454
3778334063740963328,1.8035679067361423,0.0182539330316381,15.903505031270743,0.0103857124914683,2.8402516527156325,0.048212104,352.524414
3778390791668407296,0.6369274796237324,0.0169307251443727,13.770563809741224,0.0117862171477201,1.2197154850029288,0.019217983,818.685303
3778564484441393536,0.828328445924358,0.0150686187186111,12.938219648509246,0.0105518892715731,3.6022713352378695,0.020821668,277.907837
3778683605359041280,1.1803906303531264,0.0170283738461007,16.433818574693987,0.0107205532223943,1.2222370268799083,0.08599111,869.999817
3778847363872288384,2.4861659637187525,0.0166349229434338,15.838479337467543,0.0101319333582726,6.740797638191316,0.045141567,148.360413
3779117951107096576,0.7368364389978934,0.0163917486553584,14.91057047789186,0.0113375749117322,1.0261746192460313,0.028983362,979.881042
3779262399447183104,0.8033105886881695,0.0153990619595678,14.094563848607669,0.0107374287420043,1.8356384308998783,0.023761502,544.406128
3779296587386846976,0.6527918254458093,0.0152270248348854,14.386259836021171,0.0106381488782762,1.1855929344642069,0.029207606,847.320862
3779421794273471872,1.141332136532349,0.0159865868949413,14.624308088920152,0.0111184935794063,2.721107965084284,0.02830189,368.490509
3779556724965976704,1.651280287090331,0.0159843627426725,15.587826512141095,0.0106374168680463,2.8317674225521836,0.03990198,354.7453
3779665714056136576,0.7553177456672732,0.0153952108680707,13.90380582888978,0.0107432145230095,2.039533851319728,0.018873934,490.977478
3780492478080721408,1.0091870230906586,0.0159897483369574,15.37587657922162,0.011024415846912,1.5136002815915457,0.04102776,668.36261
3780646787665700096,0.7153672126471109,0.0150868822457875,13.756333414718087,0.0105761061960621,1.4275429136070716,0.019132523,700.32251
3780661145740795648,0.6494515542858486,0.0149150066916176,14.27400493058483,0.0104353253684199,1.276384690358757,0.024312848,787.983337
3781037114293561856,0.6417559764244601,0.0157567906415006,14.081096209198302,0.0109923146121693,1.2959249687806325,0.022174282,771.689758
3781232964802229376,1.123377792658555,0.0153710808014005,14.730761605103147,0.0106576286043563,1.8732568547038424,0.027431821,533.946594
3781438264238988416,0.7471317647634255,0.0154176686377309,12.953172538494774,0.0108027447349455,2.4623565083996795,0.02462148,406.600586
3782050657855809536,1.307211778492298,0.0156970598259049,14.76318298603008,0.010816211022095,2.554755745306977,0.03360071,390.498169
3782121816873925632,0.8913059131140513,0.0153167894328113,12.967333754108925,0.0107562108980474,3.969038318130302,0.024310032,251.936203
3782228263343579904,0.7306135657475298,0.0156181258445146,15.051079486379663,0.0107894244680502,1.1426172993959414,0.035363566,878.84491
3782387761248930048,0.7385363380215185,0.016262639601521,14.76628156948905,0.0112739803815822,1.1606400318382395,0.032101646,868.315613
3782601135224153216,0.6664091676206833,0.0175765191106209,13.95028352603564,0.0121941760199398,1.3747567422181568,0.028632212,730.2005
3782890238062963328,0.754163787402574,0.0164921769101777,14.591206429202495,0.0113070031081065,1.0542827652230449,0.03531599,957.186768
3783269981891892096,1.5126685993499054,0.0151956002783339,15.666228842341589,0.0101543946747056,2.580587872228967,0.044983264,389.409821
3783348115936836096,0.8027932948635528,0.0153155836811646,15.211102428928193,0.0104959763372123,1.1904764207884395,0.037792962,845.807129
3783511496492820608,0.8586557355881164,0.0159399436254624,14.991654740627176,0.0109444446947991,1.416606451782374,0.042022064,712.141602
3783716417972474624,0.6971400562806217,0.0148219802206217,14.037571143838766,0.0102976211466325,1.4311773438894806,0.01959732,701.292358
3784519748655632640,1.2425891271709513,0.015260064536512,15.24392636401424,0.0105715071468607,2.0119312565114083,0.033917114,496.463898
3784574724236987392,0.8805183605750434,0.014947825079169,13.991005514512617,0.0104818298681722,2.423933431361593,0.01987238,412.942596
3784962095927322496,0.9422779535547732,0.0154186133944513,12.760048853159118,0.0108161163853386,4.003058080797919,0.019234901,249.973206
3785254153703570944,0.6857699310936463,0.0146785927462669,14.456804805406502,0.0102784436827715,1.1472719895960375,0.024459336,872.536194
3785376680530332672,0.7900533237810298,0.0161625240815246,15.151663267465455,0.0111119879313531,1.204631750609488,0.045007583,848.289185
3785573939788306048,0.8689128616088242,0.0151176285410485,13.290994244090466,0.0106103642228151,3.171814975427655,0.021934621,315.009308
3785700280546400768,0.8308083973015709,0.0157792551109557,15.078492880074911,0.0108772271175564,1.4144879229869505,0.029134851,708.188599
3786071155266817536,0.6279371368831131,0.0161613803855807,13.487377958839652,0.011293791588239,1.2747888055394507,0.01741903,781.732239
3786469869966389248,0.6261118139696638,0.0146618725355252,13.517043864944467,0.0103104718819968,1.0959326775629572,0.019433124,909.881409
3786648815483604096,1.1564562762749484,0.0153021956791066,15.544104171866667,0.0104569281002969,2.090772179684973,0.035914402,479.460114
3787031033213353728,0.7120608758788809,0.0162578888416353,14.349786041327937,0.0113351683663169,1.0547587932493812,0.025065405,950.342224
3787061643780608,1.5554928716754246,0.0281202422021183,17.650169270585735,0.0126735583417471,4.772068843940811,0.14466932,210.673431
3787168059849095552,2.4655454593460733,0.0228848452198286,16.970248143883897,0.0102790805964708,4.320414476927794,0.08163546,230.912003
3787182525299615360,1.2682621731752524,0.0154766410604426,15.605861885315434,0.0105929950091773,2.1726467427760365,0.041349683,461.191956
3787224444180459008,0.8635641059512226,0.0149674040130714,14.795396117664684,0.0103299297087419,1.7226402767303994,0.030480301,579.234619
3787679848152913664,0.8336854475302612,0.0161079336401583,15.207792749640136,0.0111119200994006,1.2320210535563223,0.037118543,817.327942
3788016058193031296,1.829709286362721,0.0174372568933191,16.631203256513768,0.0105539391062934,3.566627266749601,0.06942969,281.338409
3788108520247953664,1.4857352524177851,0.0157747709799108,15.33498769771824,0.0108601849996329,3.162283810816826,0.033847116,316.923706
3788121920546831104,0.6202624748335192,0.0157623531675973,13.655821606885342,0.0110267278129919,1.0103911405684645,0.020540351,984.545105
3788325708154905472,0.6409503357997006,0.0146806047112894,13.363385714154877,0.0103256577541783,1.2705258349278714,0.013997658,785.590698
3788704318111904256,1.286677563888751,0.014854390207107,14.519054135371004,0.0103939878391049,3.881741595934638,0.028908407,257.75766
3788734623401069312,0.745529965945615,0.0153958669820781,14.671080392569223,0.0107101310468514,1.0609634915587451,0.025460461,944.709412
3788803716539416192,0.6952732936408212,0.0147370048433623,13.042883531919149,0.0103657096693317,1.9542664969255803,0.016899128,512.308105
3789684670167051648,1.0405026665117865,0.0159010199153401,14.15576383384455,0.0111051656845736,2.277645584630183,0.023964748,439.740662
3789967588253310464,0.6715862263308908,0.0154923318926151,12.193949900908168,0.0108583904802432,2.35102013153736,0.026552835,425.207428
3790735150448307968,0.7161834032220319,0.0148649771385721,14.24278057903676,0.0104296721431463,1.3827935708902068,0.026479896,725.689941
3791012570975668864,0.7518396684484642,0.0159014306384158,13.747144833912442,0.0111364383234014,2.139558858198765,0.021895163,469.137878
3791019649081817088,1.185492563793825,0.0141765863148244,12.242752977804669,0.0100094508726803,9.931589174782877,0.016017236,100.698715
3791364242898076928,1.1412526886145578,0.0148363068581041,14.484935518927086,0.010391356616564,3.262097649816737,0.022594074,306.729767
3793621952586562816,0.7875603224497815,0.0142441398080245,11.028646010684932,0.0100563594217422,7.779412104302365,0.01732252,128.498428
3799753482257432320,2.099474246663263,0.0184201270315374,16.607999551131513,0.0101043504071157,4.250761180221003,0.06633005,236.003128
3800452771653420160,1.0697425569689774,0.0143700377080767,13.38880368510538,0.0101225878273393,3.4359709378005676,0.018265635,291.296753
3800591134024418688,2.1665434426955152,0.0185131734314619,16.745695736771818,0.0101084784577523,4.449930957545777,0.07051667,224.972565
3801224147779582336,0.6981422421708399,0.0152240111360088,13.95010584158061,0.0106394382838048,1.0781023709621498,0.034575205,925.939453
3801594438384842624,0.8285625444536241,0.0155954972231129,14.691572577660796,0.0108242583314355,1.6412970538199447,0.02776576,609.815918
3802284175772943104,0.7264648112194039,0.0153791437024899,12.893738000126172,0.0107874523680928,1.7505871267976651,0.02117133,569.879944
380239020992517632,0.7764058520064752,0.014539646811314,12.189703109523268,0.0102517150995496,3.2250932426808103,0.012910784,310.30246
3802541087831730048,0.6997774969232001,0.0172771952892947,14.669477685405338,0.0119644662504046,1.1214487844317522,0.028296694,897.104614
3802562390869590656,1.3130395242825823,0.0143475486138047,12.870769047600382,0.0101187748215079,6.79508247400857,0.02370072,147.10199
3802597128565139584,0.6272292372442859,0.0168855231042101,13.280489150570803,0.0117803784936851,1.3743826104136052,0.014983649,729.435486
3802673922580342656,0.96356597202355,0.0156981191281161,14.419528465923923,0.0109416565801894,1.9593123019351224,0.030627176,511.551666
3802748208334578176,1.093924942151989,0.0157933720079452,15.2129093446923,0.01091002678263,1.7695722194487744,0.035066783,566.483582
3802961994626988032,0.6612851868770254,0.016522656358701,13.994244521660953,0.0114172586478846,0.8795077131713473,0.022383174,1140.24255
3803241781680740096,1.008323526876954,0.0177504458487305,15.17617670388842,0.0121162862796057,1.4765386552880455,0.033508513,680.978821
3803242919847628416,0.8973635890345547,0.0179630935943165,14.981428568397734,0.0123217914548689,1.4611535424159665,0.029983578,687.994995
3803707463510348928,1.217935994441841,0.0159177151322627,14.153175422795671,0.0110868189798612,3.004013207452448,0.023897123,333.894226
3804504162763880320,0.9034856131248952,0.0149991849225558,13.865615948560636,0.0105134442039898,2.2411838811534053,0.023313548,445.927917
3805555055361812352,0.7686730901079742,0.0177284738086715,14.674937983281335,0.012240476170492,1.165637557700683,0.026049249,859.924255
3805609515547069696,0.6478257371752477,0.0188748215831295,13.817951643174991,0.0130577627611817,1.1778443450898193,0.017873617,845.130005
3805772793024047232,2.046672616577776,0.0224482779093056,17.032726993897974,0.0110213073251862,2.7548493776097964,0.09044179,365.068573
3805787666495200128,0.6610792657080082,0.0175268863737662,14.481431171049923,0.0121404408820243,1.24121856815773,0.025861397,809.36615
3806236031016450048,0.89227195274782,0.018374534332548,15.3764552051284,0.0124124169476654,1.373094833994665,0.03350762,733.554199
3806247816406884864,0.7567417037729359,0.017740240608448,14.480303082994787,0.0122774210676195,1.4032493041926488,0.0263047,715.531738
3806410853365442176,0.7305222661360357,0.0156686338281099,13.62920706048749,0.0109332526363351,1.7726551384221878,0.019354003,562.944092
3806570690573275136,2.0940712775977532,0.0804730346937827,18.510542399575368,0.017492971467414,1.3271905380627873,0.18791346,783.826355
3806639242546201344,0.7719599370919935,0.0150947466692898,13.422161819287124,0.0106049053004267,2.1893165696013748,0.01952691,456.905823
3806986855723832064,0.7513466220328497,0.0152109819723307,11.921490270663242,0.0106782075811498,2.81516851587005,0.01486955,355.150421
3807075920461131392,0.7466207046122688,0.0148052058649203,12.890778217770167,0.010416952579972,2.185036088018435,0.020894289,456.164612
3807196312689484288,1.0421896918873133,0.0155052699301983,15.031471711620071,0.0106005110668205,2.1568386502986345,0.034770735,465.905029
3807599150557017344,0.7468637277792193,0.0155138516567586,13.326061976314294,0.010860780524939,0.8839249740917948,0.018907342,1130.80261
3807821217546531968,0.7527208436260253,0.0171715509702602,14.92979324605553,0.0115833308371339,1.1920222939986869,0.03157199,844.109558
3807867568833535616,0.6589728983953526,0.0164842556177623,13.25921686400468,0.0114821608086394,1.470456317607571,0.018764222,680.544495
3810405550908057344,0.7993436317079458,0.0145382444952702,11.412364642657556,0.0102437723171458,4.626084750472982,0.017373558,216.427734
3813643337773911680,2.3394824438709136,0.0198399009247388,16.633426305603276,0.0108227149679704,6.263990369116459,0.06559219,159.860168
3815204747364562944,2.583885576059585,0.0229030520133061,16.93877206419132,0.0109273944942597,4.55868774345344,0.08026404,219.492416
3817965105665685504,0.9900720180783894,0.0141633263194755,11.130937177394308,0.0100039220854247,12.177893905493413,0.019690743,82.1440048
3819714939765916160,0.8363957776026982,0.0176772157639872,13.577872800311209,0.0122851735087468,2.695830262419249,0.018300997,371.090302
3820067367602388480,1.0212344347291231,0.0190934158195145,13.47756123486992,0.0132305751245605,3.5994389292525613,0.016785445,278.157135
3820074553083294592,0.920154178177119,0.0164778426613155,14.32353310794612,0.0113692949846026,1.8824196138856455,0.02146073,533.007019
3820157634930601472,2.2422893473944288,0.0151409235880769,15.86226655228621,0.0100606623518843,6.158330457789378,0.044475593,162.541931
3821605584370329984,0.8712227240762694,0.0170181400417488,13.256547257375733,0.0118545037553788,2.8804759476459645,0.017062364,347.066406
3821693476580606464,1.9019978097307293,0.0195105048508868,16.423193270889946,0.0111969143970606,4.004309348928077,0.06082949,250.854645
3821998247459686016,0.6729548637456255,0.0152582730822101,13.219278870448669,0.0107052790440408,1.6256783523588636,0.01485462,614.440247
3822808140853060224,0.7061023008028823,0.0156004853782481,10.61271720661858,0.0109441014884398,4.400359848305068,0.017012447,227.240692
3823266675856876416,1.0052845990965404,0.0153172953069124,14.8449223878624,0.0106365332375091,1.7745539046740542,0.032067798,563.985535
3823888479746879232,0.636895137476511,0.0144637408279283,12.48375229653503,0.0101998342784105,2.160961138745815,0.014239893,463.461609
3824055163133247616,0.836204116914191,0.0144088858908151,13.874712366211371,0.0101578229812998,1.8408092044674809,0.019659737,544.06073
3824166282527011968,2.0412622706088546,0.0175216371598876,15.8194353232697,0.0114341732595639,4.660618034823914,0.048572037,215.242218
3825014104776051712,0.8398997623380711,0.0152732666935997,15.374831422481208,0.0106352227760649,1.2204584207768427,0.03496843,832.451782
3825246514046790016,0.6747263104033608,0.0142662639444398,11.894941050625308,0.0100719513833458,2.5022342140243317,0.01958395,399.625244
3825814656615382016,0.8407949771146831,0.0162032736205394,14.89961302649754,0.011256137144273,1.4925249688372964,0.03277357,672.112976
3825875232834055296,1.322769444616085,0.0159569552356435,15.144929687172132,0.0110411713691106,2.900049261983195,0.032655,346.363831
3826113208382040320,0.6664964433082209,0.015375039899878,13.41501111566631,0.0107813605210081,1.4376244773508424,0.0142766535,696.507263
3826929423967005696,0.7638058407890503,0.0199505076141035,13.963090114727748,0.0137889297042766,1.3143836334578023,0.027754772,762.625854
3827019893158115328,2.5590249286974673,0.0161963745407125,16.320861217293707,0.0100126244369006,9.710907288150253,0.05239713,103.033546
3827094247631795456,0.7837364255939094,0.0147257760284035,13.724399606037757,0.0103666463538577,2.20266286747794,0.01967418,454.298798
3827232713082423040,1.8041979569655855,0.0168646790041166,16.596640895994785,0.0101708129653976,1.9556730464269143,0.06993162,510.425262
3828415310852656896,0.6949320154151991,0.0159261903165459,14.71915372194332,0.0109543423335482,1.0066245887781098,0.030683069,1002.54773
3829913184991788800,0.9741202187694156,0.0188070453354175,15.416362018423897,0.0127095476014531,1.4860267650081207,0.039866995,681.583069
3830477994666176256,1.1715302453501322,0.0167771952349685,13.789438512303285,0.0116803175575314,4.37988661427976,0.020599766,228.515396
3830554719961920000,0.9537560016217232,0.0171504215426003,14.85917042682697,0.011687553797359,1.8349791356681864,0.029550157,543.670776
3830652507777415680,0.7542513359637011,0.0170306096548056,16.88770161035196,0.0105880482491945,6.380448513475526,0.08383614,157.524857
3831363990584787456,1.6929171858252343,0.0177135841517674,16.245269461540218,0.0106601448614257,3.430017077442447,0.04916976,292.031982
3831671308379687808,0.7045697191387797,0.0147699120190592,14.29841824067917,0.0103296100116136,1.191214426497741,0.027360117,843.971008
3831772016772916864,1.4244818842196578,0.0164210397336298,15.452268267916006,0.0109612072629886,2.748386359772354,0.047268685,365.516418
3832393962397046784,0.6831728431369889,0.0152239892893962,13.522240005411826,0.0106843185733986,1.6543615195425436,0.017823387,603.889648
3832512159897099008,1.6614448491460605,0.0150679296566792,15.371516457569596,0.0103497254774003,4.275748452760769,0.04872323,234.537766
3832565039534575360,0.9922500198684177,0.0150299931200786,15.235230339409645,0.0103638429298022,1.836192684676412,0.038189877,552.495178
3832768689703734016,1.253360130608446,0.0154188135037707,15.342633201089743,0.0106729892228352,2.4051080218826497,0.035321362,417.833496
3832933582088268800,0.7292775607190448,0.0224781315480868,14.436708672899096,0.0154769207227453,1.4273112367566951,0.026146663,704.184326
3834229356541509760,0.9819109788788768,0.0146056921454882,14.03044987006158,0.0102680285915625,2.5442327634355357,0.026495958,392.966583
3834603740250784256,1.874481076187828,0.0193662356380833,16.748172811409674,0.0102047639152004,3.9044949957047472,0.07668728,256.475403
3834658986414984576,0.7339782556162167,0.0144926763946045,11.822438669930252,0.0101697252477009,4.166324013227479,0.018037876,240.009476
3834801411825500416,2.6123689999999993,0.0165769185312358,14.909293,0.0100190602538814,18.715916623813165,0.03435719,53.430954
3834915417437497088,1.0204379571061497,0.0240630302474661,17.496491489483663,0.0100799181935321,12.520449884152528,0.104595885,79.9004822
3835847253542280960,0.962524576386196,0.0163311472490537,15.329397591449656,0.0112618006513378,1.4289006802454125,0.03960054,702.626404
3836298225108039680,0.6787184414719674,0.0145044834391702,13.575217293756374,0.0101920764850482,1.1175937551096515,0.021550529,902.205444
3836361653185019904,0.6475446074846994,0.0145433612058613,12.568986562482875,0.0102305127990138,1.7281738960976472,0.020288536,577.908691
3836781323029486080,0.9100031539845636,0.0150460862292093,14.714073474561308,0.0104583185283644,1.5848008530857365,0.03143873,633.84668
3837383649243451264,0.5818511386863423,0.0146876459264653,13.613750540977057,0.0103378141036699,1.3103129070560864,0.024508134,769.304993
3837682132290919296,0.7007427263666259,0.0149067773512499,15.063999821073288,0.0104051051955948,1.069750358995896,0.028539795,941.900146
3838396329517715072,0.9644259098097218,0.0152067927762524,15.459684164261189,0.0103318577246685,1.512951832452544,0.036744293,666.449158
3838612250408103552,0.7224346503590389,0.0146729883655076,14.709811416787606,0.0102535648451003,1.195515575839193,0.02816632,838.089294
3838621527537586048,0.7396828364188127,0.0143086545840161,12.424171537371532,0.010103459010018,2.394096172251421,0.014462058,417.582855
3839165510915273856,0.6336975184550941,0.0147059953097747,13.355757360922684,0.010353111612604,1.1095070680632837,0.015895797,899.216675
3839477875296667904,0.9097092065161978,0.0150560749311429,15.388043108816657,0.010455670016949,1.3687061946490635,0.036428027,734.342163
3839980592628733056,0.9270276545613828,0.0150482372721544,15.303589616099108,0.0104822896855224,1.088324591120386,0.03928657,922.474854
3840846114438362240,1.907306,0.0142781645481134,14.334214,0.0100042097320172,15.394232122535604,0.02478239,64.9822998
3840940466279966976,0.9042662396077048,0.0143824940818216,13.462189649032636,0.010140329649447,3.007429145991631,0.01979538,332.860474
3844337647972071936,0.8029371390222848,0.0146067914996535,14.791548106994146,0.0102272219971894,1.4890515803302504,0.033609144,675.747314
3844470723238731264,1.1389847593206668,0.0144672589380507,15.236810798072655,0.0100966311111058,2.001897988847335,0.03137621,500.989807
3844879844643447552,0.6736070184287032,0.0143566188977548,12.603473316078077,0.0101243568711483,2.010711644335257,0.016147034,497.153137
3844889602809122944,0.6684477324586261,0.0144997480513552,12.321549365399166,0.0102237762518745,2.700971549489888,0.01509868,369.774902
3847535337022875392,1.4048784708010438,0.0141626900239965,11.142218945428628,0.0100036701346284,13.797469182963566,0.021083176,72.4645462
3847645013308140800,1.9149389999999984,0.0141666831020489,11.178918,0.0100051974245892,33.50472883688379,0.024712719,29.845314
3847871478343715456,0.8128264820976491,0.0173932339928085,14.267609720036427,0.0120817117438191,1.233149661163695,0.026665958,814.099609
3848156904690276096,1.0850095222529583,0.0151292145994148,14.812606559461464,0.0106084631387462,2.5883230943306694,0.038703956,388.131073
3848545032294842368,0.6636760887353798,0.0150791033104019,13.888336041191806,0.0105622426642628,1.20302378651155,0.020192413,833.950256
3848756619563745664,0.7798108617292261,0.0154291111637088,15.028741430761158,0.0105200160677659,1.1916066211064382,0.041417893,850.438232
3849799231464734208,0.6370896545339929,0.0149318894490501,13.392528076095209,0.0104955058279384,1.330396081484386,0.016723707,754.91925
3849898909065827968,1.0342434505301237,0.0141662818921403,11.486622255371108,0.0100100810347157,8.697465203206137,0.031034617,115.028923
3850252298974859136,0.6989773085902468,0.0152971228396556,14.230190490260783,0.0106469883520933,1.349916545188959,0.025466658,743.343628
3851219456890073856,0.6965354855894491,0.0148832521701217,13.785557431307687,0.0104424670320297,1.811710675884892,0.019044781,552.251709
3851280892102655744,0.6756841979526731,0.0149561747571537,12.701015906016124,0.0105143977124503,2.2067805549028168,0.020521654,452.911102
3851328033663768576,0.754202195168054,0.0159383558899193,15.032308765103132,0.0110829815911142,1.093062148045238,0.03507513,919.453247
3852273441864819712,0.648513318341437,0.0147281332674177,11.76105182608086,0.010375262949322,3.155819251927565,0.022273412,316.726654
3853469298199020416,1.73761626360019,0.0151000340956979,15.170026878887526,0.0102580997709575,3.661703811116136,0.036189567,273.5802
3853478472249151616,0.8736498545894953,0.014456706068142,12.252217095087438,0.0101946335828,5.946185007406664,0.018988231,168.101669
3855475490307708032,0.7051770199625947,0.0146918085424524,10.851670161623456,0.0103490098656425,6.088349292257464,0.017607747,164.150452
3855549883436547200,0.9951702690556252,0.014807459404422,14.202245293668012,0.0103961022849143,2.919051702029019,0.019703818,343.20285
3855969690720040576,0.763519670056297,0.0152657048823254,14.318026241342418,0.0106464490994177,1.579909030575909,0.02205271,636.1875
3856317514351213440,2.0025254878882057,0.0160240171056374,16.061083430856645,0.010499220168627,5.20514500060551,0.05736126,192.132324
3859725583785132160,0.7486759184608998,0.0145863220077505,12.96684820015896,0.0102624975304611,2.6326044617976563,0.021807108,380.917725
3859740706365492736,0.6163026741448431,0.0143058301181943,13.684677653511576,0.0100817689806068,1.125267512627714,0.023965828,889.500305
3859873953431006976,0.7081521319236309,0.0150714325393638,13.834753296822628,0.0105674675181445,1.480457506305525,0.022668695,676.5979
3859987027034830208,1.072199260018024,0.0150252654332391,14.842548673496903,0.0104790344105466,1.878435919345244,0.03405676,533.587524
3860762874222143360,2.511988533358401,0.0256846088497929,16.675707747747648,0.0101337702481291,6.986108670395734,0.070627615,143.293854
3862843459459676160,1.17142598029635,0.0141803511751761,12.072396306183585,0.0100076069078051,9.15248192432321,0.015171808,109.258446
3864987915155334016,0.7861938791340025,0.014759251698813,11.9631360620744,0.0103847812641553,3.5707982361028794,0.01742075,280.220551
3870728744537577728,0.8790486339586483,0.0142610423004828,11.079728632429475,0.0100610563458241,7.52075599442022,0.022447074,132.803909
3877440159218287232,1.9591498106488667,0.0243264793635464,16.578323778697225,0.0102089299638161,4.117098843364979,0.059768796,243.205063
3882041585315427968,0.7636554139831012,0.0145489803072831,10.950030890151734,0.0102536538114493,5.775941945687139,0.02164772,173.029556
3884901277620486656,0.6140253534879744,0.0149845763176187,14.510582278213104,0.0104329904112002,1.030075979583697,0.02980503,975.975342
3892975987936521216,0.7781750292440197,0.0141534998718916,9.065270610347536,0.0100016542104502,14.053956536410595,0.027471755,71.1639252
3893396757292106496,1.2409185826738816,0.0208694012300489,17.203985665205067,0.0105949921986532,1.0287261344547325,0.09172386,1059.61206
3895329423855759744,0.746120973052605,0.0146145644577172,14.5361466942821,0.0102502424791331,1.3398315152425655,0.024935678,748.743835
3896561220475435520,1.3053432685966002,0.0141704863048378,12.10332154944968,0.0100040266612786,12.999796686713792,0.014116507,76.9425201
3899647755774196864,0.7199492447173068,0.026011552834107,12.199171414242024,0.0112991529156469,2.5735853380200417,0.019738257,388.17688
3899778322779849600,2.219148000000001,0.0141898024189393,13.135852,0.0100056285958159,25.898543407203473,0.018521378,38.6077271
3900650884040077568,2.287648000000001,0.0142503383211838,13.313811,0.0100135651318339,22.400915245819895,0.018591346,44.6557579
3901063067756875136,0.83233040588277,0.0143830307233254,11.618742288720352,0.0101271839770671,6.097123551557766,0.018825341,163.867462
3904531648985447680,0.6928339261900168,0.0153570755181893,12.245472193132986,0.0107807437437927,2.4169872996725985,0.016224764,413.389557
3906226924117187840,0.9809291012212432,0.014321805858713,12.961949874972303,0.0101052693346065,4.598345925537956,0.017679762,217.480133
3908647155368169088,1.7199906279233008,0.0176528834377348,16.718631177800205,0.0104350480856214,2.137926690145309,0.07756686,470.690033
3910661735547769344,1.535930500000001,0.0141572612493278,9.676806,0.0100034030011919,35.36932856198842,0.014058792,28.2719555
3911967470030043904,1.1165170378880371,0.0143260219688728,12.409590631703782,0.0101005440165182,5.980625650270853,0.020867525,167.07814
3916257626962267136,0.7906288347055329,0.0141716608423824,9.967573221749795,0.0100139991011367,7.691113623028607,0.016729547,130.079208
3920388049767555584,1.040262463986272,0.0142683202254438,11.823493021997988,0.0100698596353268,7.467418245186854,0.016947985,133.987228
3920615854833203328,0.6905569234004998,0.0143075304150641,10.015664313711852,0.0101112494226395,7.485047764263621,0.030425405,133.769547
3921276764400541440,2.2767944999999994,0.014240367890885,13.4443245,0.010004011765708,21.25618862844446,0.018312952,47.0480957
3923810795104520832,2.59943,0.0197073695231364,15.823566,0.010022218728444,14.97943232109711,0.042230174,66.7639236
3925436457406146304,0.6167552850617615,0.0151430314953109,11.585237201970292,0.0106457908463258,2.7148343503721475,0.022282388,367.709625
3929470703007470848,0.7145744734626681,0.0142855375662774,11.140276093370566,0.0100887661406798,6.1970573007037615,0.027238887,161.289398
3930720263611949056,1.568421815382422,0.0999326033366731,20.06008305166279,0.0109268371247798,13.95259768635607,0.6872708,72.0346985
3931313793733241088,1.6538909999999998,0.0141666242796285,13.252852,0.0100012693892105,17.42919333074205,0.015066933,57.3647728
3933445776843483008,0.6483485313810675,0.0143733912832822,11.834969647117829,0.0101363850252167,3.8863088302809463,0.016464207,257.372253
393977629243768192,0.7425219832899344,0.0156865868637903,11.484943319166485,0.0110086463832006,4.375069829827211,0.020473314,228.633972
3943883067064464896,1.4296597740937662,0.0141675657416661,12.005501115641598,0.0100030728802595,13.01555150886745,0.018592177,76.8510513
3944025900496795264,1.903601383163161,0.0142712571915867,14.203428463234223,0.0100035212369385,12.554195408329612,0.01989499,79.6390381
3944695674876898432,0.6897890000000011,0.0155746861674726,15.858831,0.0100093439157608,0.6515087737012151,0.04761198,1612.776
3944972030252710400,2.5634300000000003,0.0142816486528222,14.405217,0.010010773846485,33.35518907638838,0.022834651,29.9785538
3949229133117204224,2.901192,0.0249926444962509,16.612415,0.0100422802608077,17.4370288101398,0.06933985,57.3545227
3949552320816007680,2.098236594333651,0.0143198477011958,14.182645878763324,0.0100174434444275,9.886807350740268,0.022122947,101.160461
3953119377054490624,2.168595,0.0141820333637659,12.48159,0.0100104627575165,27.06590668460567,0.019447021,36.9455833
3955108049991504512,0.6288553123304771,0.0150264594662171,12.29499768626815,0.0105637426606878,2.0997385467481315,0.026395814,478.131927
3961895575788262016,1.105742682981036,0.0141682574001696,11.089333975477086,0.0100084663607875,10.733084039532653,0.020328349,93.1884079
396726064709757312,0.7740423620261683,0.0146345778892856,11.547853777575416,0.010315210092307,4.66732854261924,0.016713576,214.251556
3967686394293434368,1.045277517003936,0.0143284667167298,13.442363338779916,0.0100705116993822,3.521497029745717,0.023053892,284.406982
3970893527977611776,2.2163695000000008,0.0142771284831586,12.385851,0.0100242940095727,24.389747153165416,0.019113986,40.9974289
3976597798598251904,0.619309219845812,0.01422601783411,10.851170456315607,0.0100465758612229,4.690470897479473,0.022071026,213.409103
3977051347144467072,0.715548309678514,0.01420599424536,10.794211698150963,0.0100222168673937,6.0193118481087025,0.022465093,166.106262
3978078668961780480,0.7008203011926106,0.0141867873753658,9.828792853852228,0.0100181123430165,8.165510247150593,0.018234188,122.484711
3978791289935508480,0.8976575057271048,0.0142164709495405,11.969421544839433,0.0100312151303069,5.942575308079453,0.015079231,168.272766
397957277212371072,1.6725139999999996,0.0770100471128188,19.177404,0.0105201570714153,17.510200921390688,0.42545655,57.5750008
3980124374769563264,0.7017536759393938,0.0142583845628791,11.668385794954434,0.0100624066736736,3.457645634203517,0.017959585,289.021545
3981521957129304960,1.470683957799777,0.0142105743395657,12.059458745046063,0.0100046325918831,13.038870555503324,0.017144626,76.7030716
3983566292841032192,0.786258063169242,0.0142423797906071,11.144701114625986,0.0100497075611241,4.2796848764387505,0.018711077,233.461121
3990112926806901888,2.1164375,0.0146097900918183,15.186641,0.0100081077256019,16.446764264422587,0.028750403,60.8166351
3992318615852139392,0.7074439562852628,0.0142032159743064,11.264870332951752,0.0100328533148159,3.024982897221464,0.021556746,329.825104
399501506935923072,0.6339678920896236,0.015946479848804,9.987601474234172,0.0111800770280625,6.189637448024166,0.020795772,161.684692
3997147739640429184,0.7434499884678641,0.0142964480993762,12.235658135353864,0.0100830781107787,2.5262699621258973,0.013595145,395.423401
4000954833011935232,1.8872919999999984,0.0141759280201897,12.226211,0.0100031858651291,18.255845730847213,0.016262706,54.7821312
4004750999986749184,1.253013465118739,0.021618090212302,16.910692198495607,0.0108112743527623,1.065455038564961,0.06993697,950.412842
4005317278538492928,0.6958292881299707,0.0142112882346342,10.223539458437156,0.0100389788954213,6.920786335220194,0.02722972,144.66626
4007125842023089024,1.9830450000000008,0.0142787863233601,14.72708,0.0100060886697902,17.156103760810325,0.043724854,58.2758789
4007474181050310016,1.203083683811679,0.0141785457698363,11.954784504908996,0.0100128352592392,11.084574835496667,0.018180365,90.2344208
4010333804635798144,2.189973,0.0154475762545532,15.919023,0.0100228395248162,18.249560776562426,0.046940412,54.8400612
4034171629042489088,1.0016495,0.0141843784936466,6.1985016,0.0100032139932314,109.06352397046682,0.019686269,9.16877556
4035760835743916800,0.7957269692892562,0.0155623137883395,15.144128585397636,0.0108413132819962,1.2972971753749234,0.03245914,786.290771
4035800997900083712,0.7372406380493158,0.014493555309917,11.67986155549857,0.0102187028560125,2.5431495782816644,0.015781736,393.339996
4035910403674597248,0.909938816745658,0.0145879203792907,14.093075407778024,0.0102494269397609,2.4729821026815695,0.024990251,405.60379
4036288287712712192,0.9983927820923212,0.0148903880470314,15.389360382738111,0.0103556912223543,1.5308768788988958,0.037621353,664.119751
4036585950479555712,1.58697528254267,0.0198194829371896,15.248500537351497,0.0112371800232547,3.365432225943511,0.038358226,297.467407
4036718441631403008,0.8088178039678361,0.0637329648979396,14.945306531066883,0.0432954671358874,1.0201917941864267,0.03315918,990.792175
4037046435339075328,1.4618285148372347,0.016887321756261,15.350635709943289,0.0116212364726258,2.2691170742609392,0.039441362,443.643799
4037080387170017280,1.006267071806623,0.0148750617156198,14.987638543959866,0.0103225026109714,1.4526036133839475,0.030882047,696.329956
4037325509539118208,0.722990129657932,0.0197354510893282,12.665823764649174,0.013655434140681,2.418341399123096,0.019361842,413.436279
4039124482347307648,1.0590020383039869,0.0156455927139366,14.895898431529892,0.0108571162976383,1.8657727554817491,0.03465946,544.325195
4039899839854096768,1.1687794232886162,0.0186543606590792,14.000104949091329,0.0129017930292547,3.233477083750179,0.025328593,310.973053
4040198838259071616,1.1179282957847791,0.0174776864777204,15.268623029961716,0.0117084514593146,1.6458838561986011,0.0640414,620.530273
4040615931217722496,0.7853245096825126,0.018173092957109,14.536928421645284,0.0124626151471326,1.2664843651658948,0.03673009,797.266663
4040819001555036288,1.847494000000001,0.0142487700046679,12.860192,0.0100020750816199,21.150291705051117,0.019168723,47.283287
4040905072724214528,0.7602722985675195,0.0163305446616097,13.269611478377174,0.0113789939737308,1.4456795890073575,0.019717408,693.489014
4041841822213202048,0.7584813791279572,0.0172122845818112,13.57646534414518,0.0119253851994111,1.4181951105207025,0.028505968,710.689148
4043388182182549888,0.9214143155761308,0.0420155640482588,14.86357534864302,0.0285869608729025,1.1060897561370255,0.039148014,913.766479
4043580115745162240,0.73147865805791,0.015748685631447,14.11420094481281,0.0109294782466604,1.3144192146505909,0.027810954,765.341431
4043611108244111104,0.75047571884209,0.0229512479597347,13.896907464083316,0.0157515356583461,1.0986633130137204,0.027030533,913.211426
4044188970329297792,0.7264759297691307,0.0157270477771791,13.844138669704224,0.0109931509561972,1.3413830698952829,0.029264573,751.661072
4046157989510587904,1.669794085216874,0.0142120623771469,13.165941603477272,0.010023677019769,10.0727212041102,0.017533733,99.2852707
4047871058594915200,2.251355,0.01418996239018,12.844498,0.0100046563332418,25.230369602122657,0.0202114,39.6394119
4049666904806735744,2.338472073474979,0.0170037595435051,15.166095058042997,0.010022958423597,13.62001998264542,0.046429724,73.4236526
4050173199772098944,0.72560427947676,0.0193392740447313,14.122302025441076,0.0131657448283255,1.19871283527002,0.031450823,840.000977
4050279062111527424,0.7802343990578893,0.0169951740066027,13.72051444517355,0.0117529949611781,1.9123061363056115,0.026042106,524.895081
4053725687492965248,0.7439209725992555,0.0189768406381757,14.809336293900271,0.0129786405675009,1.178670164130235,0.030868623,870.173157
4054663089823979136,1.1715980015042606,0.0213169304958333,14.930002667522665,0.0141102523675297,2.2452771282377766,0.042808644,447.881897
4054671473600628608,0.763927552862269,0.024769145033505,13.425063315274407,0.0168865563040066,1.9731151314300743,0.023096513,507.355499
4054688550391044992,1.9689618639779811,0.0144651129879412,14.514990493168588,0.0100801257672388,7.558226318168972,0.02675394,132.289169
4054852411976021632,2.0280124739798104,0.0147881533309036,15.5589692154239,0.0100609748725073,8.633120843875401,0.038145885,115.882866
4057049712944229376,0.7753119355969049,0.0209861793167402,12.930662656624596,0.0144437311016146,3.133676910367691,0.017485954,318.976562
4058750249515915392,2.0827058738726154,0.0148446365828474,15.430721192458822,0.0100185335423638,9.473089701539712,0.04085769,105.548454
4058992107700848128,0.7769632971121283,0.0227810203231027,12.323476289156105,0.0156373306676211,2.91981605801237,0.017891292,342.056885
405967597380569600,0.6674668118110727,0.0183155387137254,10.387578604162076,0.0127385663218325,5.325659260668168,0.017923802,187.647736
4068262880529006080,0.8412486698837291,0.2568360681482401,14.42899499671936,0.1742615275603152,0.5649194658197125,0.044079673,1767.49805
4082356695359119616,0.8738010000000003,0.014154885668838,9.431502,0.0100020834899143,15.58113734739404,0.014826273,64.1836395
4082515677856373632,0.8103457821523041,0.0151869151309193,11.08149066372438,0.0106695905105989,5.503412296759663,0.015235852,181.642136
4082761281268226944,0.7231506324314193,0.0151066161075893,11.385291438228546,0.0106139198156483,3.155924247482377,0.015557594,316.509583
409558327481333248,2.0664130000000007,0.0141715433913136,13.146511,0.0100037090714016,14.852930572558336,0.013004731,67.3100357
4105010448887093760,0.8316710044775163,0.0222371754118073,10.94923809329966,0.0153223301663079,5.7358586325506264,0.019734966,174.434494
4107428098776025984,0.7609285190963635,0.1504957754822291,14.487562429944386,0.1021474942810708,1.0158869571625604,0.03228238,998.777832
4108828945319007744,0.7153650000000003,0.0142872799441711,15.0062065,0.0100083944065552,76.69859224054565,0.032999184,13.0368185
413969327619821952,1.866959143706645,0.0141832903578318,14.008662717638122,0.0100122644587332,7.66808755246822,0.015478376,130.449356
4154032307871051648,0.6866543392200308,0.0238543401720491,11.88377993134287,0.016289577489335,2.914227047360431,0.0133460555,343.566132
4157676879690943616,1.2998777603149745,0.0146687418839723,11.862022178906816,0.0103228112118411,12.132220836830674,0.013897827,82.4235382
4193074286444601728,1.9111510000000005,0.0142347874362593,13.770042,0.0100050225933108,18.648260828139293,0.01996455,53.636837
4195964284040614528,0.7384271057646423,0.0158851965709755,11.993612325540685,0.011110885049935,3.9733112974519487,0.012513427,251.637909
4199134584080494080,0.9268430000000016,0.0219402177455324,17.996403,0.0101794694783674,18.86907950438116,0.14751384,52.9260139
4204468662915481728,2.302271000000001,0.0142436632270882,14.402099,0.0100143453737725,21.034072902875657,0.02629475,47.5375595
420542276842182784,1.8304549999999988,0.0141574934078189,12.582522,0.0100013777113366,31.040655824932383,0.011890992,32.2152061
4207055367068295936,2.6891309999999997,0.0145595713478931,14.810584,0.0100158066244716,24.9888150699527,0.03058291,40.0178108
421284790792935168,2.3660370000000004,0.0145744595220402,15.671668,0.010007007469919,14.935155223518882,0.03136924,66.9496155
421390240829409920,2.0401597613740172,0.0143828856635193,15.187709982382806,0.0100055119235198,13.086587432762876,0.025827246,76.3834686
4214204632196801792,2.5074900000000007,0.0142334338726101,13.437343,0.0100090327172376,28.211534364216277,0.016559279,35.452549
422592762954411392,1.741047,0.0142045539479805,14.7083,0.0100018498120046,14.753123286477663,0.017858999,67.7798004
4230380819051252736,1.1225009999999995,0.0179714736226067,17.029388,0.0100353501742837,39.29447856209517,0.08122226,25.4554176
423922244310742912,2.597963039250124,0.0151193198696771,16.135482278373726,0.010009929135477,10.014292479269155,0.039507523,99.9071198
4239417425952085248,0.5197020619528666,0.024127671541601,16.84608683990512,0.0153050479509882,5.627661234052881,0.097518645,177.971268
424422281584852352,1.8605419999999988,0.0141520621158059,9.966077,0.0100030051132322,52.70361397793872,0.013842027,18.9736862
4247355045211154560,0.6955766882391948,0.0151369157011386,10.263459825716042,0.0106460668042754,7.677558364937963,0.020336712,130.247498
4249710370906123264,0.785727983277304,0.016016998033571,9.90715814965083,0.0112253103696754,9.20463025138938,0.014738173,108.636147
4254984384667119488,0.778579644981215,0.0141625411041251,8.916291084479852,0.0100081930718248,13.662875769295406,0.015825344,73.201088
4259038558838436864,2.2417729999999985,0.0142173477902213,12.640247,0.0100072570658769,36.30320693499992,0.0173687,27.5439701
4271924521580624000,0.8240660899705463,0.0165577033707721,11.592683665827511,0.0115594225104681,6.0266321272485905,0.015515978,165.939285
4272497921201099008,0.6705179468179769,0.0182798032622426,11.05854606426001,0.0126925089639097,4.517790553641022,0.018606162,221.326492
4278722497040124032,1.782532999999999,0.0141975572708024,11.554967,0.0100025620459499,33.28153900546288,0.016938135,30.0420513
4281789717861282176,1.381865617188871,0.1141171900512251,20.072636266251862,0.0140361379305538,6.9316454125483045,0.59699315,154.059433
4286764050227748608,1.818847,0.0141814903087096,12.840701,0.0100024209629509,19.676555550866645,0.015351636,50.8171196
4287154411213419520,0.7655129385955958,0.0152996480244341,10.909230222886016,0.0107389903684653,7.587048167933272,0.01660991,131.699722
432985071975940224,0.9830526565140996,0.0142687512283575,11.236551769950664,0.0100743861987098,8.246302874156436,0.01658475,121.242409
439852655965244928,0.9166331055808624,0.021957319510633,12.235453359087897,0.0151281099081645,4.387258325452744,0.014433102,227.894653
4403209753289129088,0.8363475304487584,0.0194348177609781,11.14253674461034,0.0134565079446196,5.833972414760157,0.01919045,171.326111
4426474525979755776,0.7588586329346065,0.0156206871242909,10.5780121680034,0.0109623815407423,4.872699119792416,0.013216551,205.170029
4426487823197250304,2.4649040000000007,0.014267995785222,14.189628,0.0100089857796409,24.515676260678095,0.02305086,40.7854118
4426488441672541184,2.0514279999999996,0.0141813277097705,12.528455,0.0100037882601599,24.46620519820191,0.017528845,40.8804741
4430238532235344768,2.6011549999999986,0.0151125935870037,15.235493,0.0100235459381496,19.62481120092234,0.035186402,50.9482613
443228770838923904,1.1866733081578371,0.0330945857453782,18.64260672672284,0.0106099277929539,16.452635901897278,0.19191368,61.1530991
4449949511547767936,0.698236847213114,0.0144902371441883,11.74922390666137,0.0102128268849837,4.589231250708779,0.01551349,217.976898
4461268743237627392,2.271842391657487,0.0199068330963317,16.891031157427985,0.0106249599246239,4.644904311435443,0.077434085,215.894669
4461287503654559744,1.0511065310604324,0.0146129169127447,13.440975702195352,0.0102964952595225,3.4413738559433655,0.012638422,290.532745
4461410030486417792,2.339736032484472,0.0189480177996078,16.88635620007324,0.0105439453923986,3.87575837686228,0.07203364,258.478516
4461590212954853376,1.8142683095844132,0.0155675369169602,15.27617643889129,0.0107892406810454,4.237356728842411,0.029734325,236.507462
4462526962495829760,0.7396728829781893,0.0147462580685112,11.710457362396587,0.010387874902838,3.42613810109095,0.01669567,291.820923
4463553871996444800,1.9303274556861951,0.0278408656076579,16.914069089676534,0.0177196959993414,2.3538371840873435,0.064578034,424.257263
4463679147602443008,2.463652172339932,0.0195431632626428,17.001888176697836,0.0101874932239579,5.66818276606312,0.06754619,176.484863
4463680934308835968,1.9716616662530728,0.0168717146666384,16.749994161437463,0.0102206788959151,3.225169234382926,0.053058762,310.7005
4463784150962722560,0.8138724273944845,0.0147249891646174,13.295773953303264,0.0103630842043722,2.082679750195376,0.013409967,479.818787
4463811879271887104,2.0962626370067468,0.0164186442538751,16.555895788373665,0.0102873971570481,3.810907485047344,0.057557374,263.962097
4465461077993407232,2.407191873328702,0.0201797511727448,17.07730943355048,0.0103340573875827,3.364523950503307,0.067237034,296.592896
4468185319917050240,0.6278528515859915,0.0162086731881644,10.816013626879776,0.011341034204751,4.064531586083926,0.017337173,246.185104
4468249989248877440,0.8052577761949513,0.0181604757465065,10.894384325466868,0.0126291772230736,5.102474572310355,0.01674102,196.040985
4471568143540690816,0.9818745,0.0141551002912244,10.128738,0.0100010151586203,15.502892058970144,0.020064823,64.505455
447252506658596608,2.123558169274566,0.0146079907137368,15.630735580042693,0.010020747875715,9.98473525181176,0.034711238,100.165489
4472686278139285888,1.592961914456149,0.0142171916745755,12.25674805449371,0.0100401770170771,12.75392168804392,0.013144676,78.3870239
4476137370261520000,0.8064829705469658,0.0712404418481835,16.41840909627495,0.0196136035289158,8.189876110443413,0.057108548,121.948341
4483150089783549952,1.2215354786730692,0.0166300226396077,12.077376847876636,0.0116222713431978,10.820317778987375,0.013653261,92.407074
4494013195945238528,2.7587787682616627,0.0219085979497547,16.986312835734754,0.0109890548166995,7.978529691949588,0.06599937,125.181038
4494022851031994240,1.697642336753887,0.0177474260590764,16.385149812830065,0.0115081840690788,2.2758825276904564,0.060100924,444.742371
4496064880345252224,1.7264055864417789,0.0163105767055932,15.439031357633326,0.0110812769401119,7.601672810669284,0.036292378,131.539749
4499152725610501504,1.901575205546581,0.0211566988064691,16.398098002848073,0.0126930671845337,2.839890460806033,0.049860764,353.775055
4499469316239934976,1.9169035960398997,0.0182077434842936,16.54627769316097,0.0107392243113814,2.58571079182601,0.051539592,387.649658
4502690266835998208,2.575455,0.0142837930014904,14.072938,0.0100089121738141,31.550693655402583,0.01670519,31.6944294
450315814774388352,1.9539493095033251,0.0142957993475971,14.770623229293276,0.0100356444318726,8.106038177594856,0.02704739,123.424873
4503256687122329088,0.4657327661839269,0.0811915998566058,13.738526516995446,0.0234621522231434,8.775015941379879,0.017965093,113.944069
4517780685995463936,1.8290170000000003,0.0141778295023789,13.698408,0.0100018680839125,23.377925524305336,0.013283027,42.7821732
4527895299591579008,1.2091983176449668,0.0143902532377573,12.662685950658304,0.0101556205021804,8.20724227273825,0.01354035,121.860046
4534471444282594432,0.9734683952314578,0.0155735207835504,12.04989077684654,0.0109299892703773,4.985057970433127,0.011109415,200.636841
4540613213149380864,1.9117641094315136,0.0181805059703047,16.411988089204517,0.0103886161265777,2.5139059476333627,0.04774952,399.277374
4540743814514766592,1.7878039267013763,0.0176433787990709,16.179820244957355,0.011736035589928,2.677969713763228,0.045276202,374.705261
4541737463788584704,1.9507171129763976,0.0251727378362445,16.766173005177674,0.0111199089804958,2.304315437857771,0.08075929,438.180695
4541737463788584704,1.9507171129763976,0.0251727378362445,16.766173005177674,0.0111199089804958,2.304315437857771,0.08075929,438.180695
4542034881683782784,1.9623169963317053,0.0205948276829709,16.793401753282602,0.0110961983440274,2.5473150633610526,0.06255828,393.540833
4550762289589343488,0.6781269936424049,0.0143913576690651,9.5822830265953,0.0101605176680147,7.701490549838878,0.013681929,129.801529
4551981991583160704,0.6129417643196265,0.0147963828232982,9.680120532804324,0.010423525485486,8.095540630015432,0.014776704,123.538376
4563065549825173376,0.8404848370539294,0.0143234121157413,10.63202533277373,0.0101116041174677,10.434764892529202,0.0131274965,95.8265381
4565784161044390656,0.749120879356113,0.0158587258470727,11.041381285259016,0.011119800694995,6.542689756837681,0.016371084,152.741013
4570165989760185216,2.425420000000001,0.015554335462942,15.984057,0.0100127495607385,16.164226041163055,0.036392637,61.8433685
4572269767820190976,1.466606044147028,0.0143237714115121,13.248157791360786,0.0101068724673882,8.970951697357174,0.010897525,111.458885
4573526818849009280,1.3577936761322489,0.0143884888646458,14.496962192417296,0.0100964633310003,4.4161308658157195,0.020049166,226.708237
4574835993598534016,0.7906748709469069,0.0142725633476178,9.851042257087434,0.010082889010663,9.000667462749481,0.0118451025,111.136497
4575882934831120512,0.9535478607706764,0.0163574920987271,11.490345557259234,0.0114420575298711,7.277011108580861,0.017361313,137.443024
4579541559771290240,1.8145545929472071,0.0150354397840682,14.681479232046843,0.0105123036961621,9.503891429943993,0.018008955,105.19854
4588034118866987008,0.785197843515442,0.0143401565455654,11.29027071315662,0.0101260409617907,6.331752896446773,0.014022611,157.991165
4596171948017927552,0.9136553640675428,0.014280346207648,12.030613648303367,0.0100803300053292,5.7940819107085755,0.010889655,172.639832
4602594294217112064,0.7766173542946901,0.0142642713936283,11.960940173216736,0.0100733610984938,3.400486423762084,0.009444388,294.258423
4608257642390572544,0.6267949216270516,0.0142235194228868,10.23243676310834,0.0100483028279965,6.013337285748482,0.013092374,166.264389
4609305099013920000,0.8092417145930598,0.0141790722882958,10.108223045554295,0.0100192678725235,10.00085443787558,0.0113834785,100.008942
4609516033448874240,1.0067020991809177,0.0142164133614856,12.202717521195504,0.0100338420695285,7.328849810989734,0.008830692,136.474625
4610924507843217920,2.2622739999999997,0.0143643859283872,14.111459,0.0100064309571725,17.583785558069696,0.013769566,56.8686028
4613914217397721344,1.0780765,0.0141499703563344,9.991776,0.0100017614314058,16.547115161513407,0.0106324265,60.4312096
4616852352985200896,1.513615060155284,0.0169342803878118,15.415219524122325,0.0115750359969368,3.2177591896535795,0.02331557,310.568451
4617518519592455552,0.7429377170832565,0.0141565228063861,10.818644133846703,0.0100030788486897,7.258206315393895,0.011061707,137.719025
4617599539855958528,1.1533844172012186,0.0189795512252057,15.322160387825088,0.0129224614732065,1.613040137986566,0.027342489,620.728455
4618457777400782336,0.6866563098638563,0.0169459158719442,14.172547591967517,0.0117819140005444,1.3016075315647748,0.014403469,767.992004
4619150297927652864,1.4558581521163023,0.0153986423662038,15.196805435883205,0.010615112585356,3.0119417472941183,0.02161375,333.190247
4622882658867304704,0.8610180304082302,0.0150187014231886,14.268250455186667,0.0105249874655069,2.0803657934758957,0.01602898,481.871979
4624320201601628800,1.0228050477860342,0.0141685605911257,11.32462817361545,0.01000218838671,8.731918843519981,0.010770174,114.555534
4627360213812984704,0.7620820042518799,0.0143785361146253,10.39986832773543,0.0101501333617215,5.272194151366719,0.014645627,189.586868
4627694808945015552,0.8462753055791297,0.0160459112833785,14.7060257387456,0.0110770036791372,1.488660557997812,0.018450962,671.776245
4628006756713643776,0.8436668525080252,0.0149803240194242,13.313140288447537,0.0105247804433604,3.072857170821875,0.011414753,325.238922
4630867449747185280,2.7109960000000015,0.0146409932757198,14.477986,0.0100106696647881,27.943963495453296,0.017525,35.7905693
4632299220044965760,0.6408871047568228,0.0176956227837729,12.544026146859888,0.0123189939197479,2.3889598340334164,0.011733758,418.201019
4633675602444519040,0.6866386335454836,0.0147809186103964,14.44448127570796,0.0103454676933036,1.1384764215448342,0.016802676,878.171448
4635471341154996224,1.9526304506889225,0.019384673721381,16.653047202405716,0.0112257113203165,3.66398820557268,0.050920762,273.196381
463561287756384768,2.165944910813855,0.0149845639163292,15.893488996687967,0.0100110767368652,13.840224912177728,0.03461028,72.2416763
4637283890368813824,0.7357650896284961,0.0150969178695437,11.94667588309173,0.0106040001063449,2.9904288713669382,0.013148237,334.131744
4639613446270462592,0.8011798655141253,0.015429400518847,15.09682914259236,0.0107141510293369,1.212155344916582,0.021201093,829.979614
4642862949807154816,1.9589900136484597,0.0188907400777669,16.845265160456744,0.0103883400507497,4.866652142688671,0.04803849,205.96933
4643418615496159744,0.7528757510024117,0.0149275184725062,14.8168156816971,0.0104249462403409,1.219665409112775,0.018330414,820.600098
4644527919649015680,0.739358731556459,0.0143853703603021,12.41941979345774,0.0101068993636587,2.7123452125796135,0.011004108,369.045441
4645664677233345280,1.919130132600672,0.027552182441603,17.802030735162063,0.0107997963659104,1.5647934458449182,0.08219872,664.327698
4646520337798184192,0.9761151362780994,0.015516801775669,15.21260296252644,0.0108146910230428,1.367429082730812,0.020735474,730.915649
4646990241579947264,0.6834739476027281,0.0146435041194875,12.851915771570344,0.0103129112914099,1.4001349015714908,0.014829815,713.136658
4647448463050770688,0.7115138892184144,0.0147052794810849,11.739415882792564,0.0103571131976226,4.276223692775028,0.010923136,233.992691
4647591227763763840,0.6688356436415062,0.0152497096780826,11.267480026230384,0.010714583929499,3.7437523528385817,0.012915077,267.110229
4651994492658780928,0.7053666205711312,0.0143149318907871,11.111577321139524,0.0101058872879807,4.854704176319461,0.014743355,206.107925
4652570675409565184,0.7087952535152194,0.0141739781462593,11.268382406836585,0.010009299577912,5.760236453168742,0.013219791,173.57991
4653600196249261056,0.7704555735739532,0.0165472188911952,12.29799899406743,0.011560956038429,3.8738342312931007,0.009888112,258.132965
4654318860239896832,0.7511652189578769,0.0180917716751314,14.512534460672557,0.0125115279957347,1.3639403670709522,0.016165199,735.149719
4655618830882619776,0.936854440858384,0.0180860865372657,14.7131007841096,0.0125282205431269,1.5399219498138588,0.020649087,649.539124
4661650648611269504,0.6500535776046328,0.0147882754416837,12.70182820273621,0.0104116961751786,1.5831989419402783,0.010997742,632.831482
4662121823716697344,0.7080805684762216,0.0143017687366273,12.9518060279122,0.0100993277063393,2.369552086720342,0.011977939,422.294647
4662405944364848128,0.8197718030346343,0.0152866415613368,12.925285609187233,0.0107408719709291,3.0294544520959334,0.01423381,330.267334
4664573597173980800,0.7699746647441313,0.0149466532946273,15.190724637973656,0.0101996832888619,1.1307441311659017,0.020868616,891.007996
4668011117196723328,0.7911881707962085,0.0144690266281939,13.881661057525928,0.0101668131967889,2.0944450530689247,0.012635078,477.75412
4668381790053836800,1.880767901422672,0.014753384200985,15.681904000538715,0.0100082977733406,7.185581534596789,0.024785008,139.227661
4668517064344077568,1.048994956899036,0.014877422253155,15.06521085107346,0.0103871829646294,1.8222025139219649,0.019068155,549.116028
4668837395888856448,2.2320091259616204,0.0143635461307577,14.435572124415785,0.0100067755006511,12.11905392867729,0.014673508,82.5025711
4669589156901174528,0.6910967939433305,0.0152577180313049,14.41109420804186,0.0107010710232255,1.0547004294738704,0.016525008,949.062683
4671313981407119872,1.1672366171256974,0.0162081229882221,14.129807339981054,0.011257045046843,2.9696477891414257,0.013864155,337.048248
4673757096243879168,0.4662880505086837,0.0142593741613114,14.030072879785354,0.0100115583308449,9.405301382559214,0.015504939,106.350739
4675077953307186176,0.9044504567482726,0.0148455610858816,15.290834814465828,0.0103666987352607,1.4236522829915168,0.023893196,705.360779
4675078606142212864,0.7968964283641534,0.0141554549671299,11.385745852250162,0.0100059671654226,4.969577327018657,0.011326952,201.218475
4675259441445199360,0.6363984505728606,0.0145355695545391,12.094331061748152,0.010249662879943,2.543823234910334,0.01046861,392.774384
4675581254754587904,0.7342309999999994,0.0144206458492233,15.74226,0.0100056447554715,0.5145597758502019,0.028647207,1922.13562
4675870288873627776,0.5936816248872859,0.0149463796138794,13.353545000087337,0.0105132792706306,1.2096808904695304,0.011508265,827.360107
4676971243610509568,0.6784794992779557,0.0144417737098112,13.737657619685974,0.0101834179893418,1.3808762878884513,0.011384602,725.695312
4677575390889828480,0.8665456346748794,0.0147113286906061,14.91664425849511,0.0101553221828709,1.4939789607191911,0.021828588,670.953491
4678725823649628160,0.6414491507105471,0.0143268433533862,13.5245908738756,0.010087729618226,1.5613364936721024,0.010386381,640.12738
4678768807682231168,2.4249850000000013,0.0142360383559425,13.808549,0.0100079605611198,26.580006367402383,0.01230277,37.6262932
4679459644582355968,0.7100028750357369,0.0147989578899391,14.633849228579166,0.0103858427257087,1.0418795164238617,0.01583238,958.639221
4680663025698720256,0.7093297646304533,0.0168365507894331,14.272071637514353,0.0117303378911376,1.2502599283763425,0.017204901,802.979431
4680858670049129728,1.9059895005332332,0.0143804635160834,15.055406331527172,0.0100067077432328,6.179876170313604,0.020820266,161.835205
468111891505376256,2.479115999999999,0.0142538976644765,15.028549,0.0100032850670149,18.31692417169326,0.023229972,54.5951424
4682960111647555328,0.7418442740505098,0.0143716812967459,14.396558857689715,0.0100917958316074,1.3628634414315934,0.014648783,733.188599
4685210915029227776,0.8070623645381548,0.0158733078716519,14.828521064456668,0.0110297582541986,1.2563041197961622,0.018113464,797.294922
4687690657347791872,0.9384089173609168,0.0146556324650909,15.408917004352936,0.0101440228049601,1.425642159106295,0.028309701,704.280151
4688146748513987200,0.9940423510983548,0.0145341738861971,15.157956179216956,0.010166969469039,1.858136194721888,0.020333154,538.723755
4688834699225260416,0.9231369377000046,0.0150580681916717,15.20067063158669,0.0105146731104902,1.520200296547468,0.023620164,659.917114
4689159153910984960,0.5088805337346385,0.0155594103751725,13.399030273890142,0.0109112192812459,1.0862445180203284,0.010958522,921.833496
4689349064489118336,0.8209836891420458,0.0147926287502895,14.67500270879679,0.0103773130356476,1.598289505411616,0.017035808,625.941833
4690307529381122688,0.776599456057891,0.0151396413101944,15.109002173921734,0.0105723018316268,1.058778172433736,0.022460958,942.820496
4696084741429965440,0.8964799347806043,0.014615486811847,15.378445618745513,0.0101525706885646,1.292771332612678,0.023429446,774.256897
4696107968613083776,0.6454733274005386,0.0143792507529,11.603086966874152,0.0101412550416648,2.9211318555703376,0.01133228,342.349915
4696427892137142400,2.394947,0.0142364674126164,13.3666,0.0100068284672949,35.05207828835069,0.012782251,28.5308743
469665741956952320,2.213812942565295,0.0147383812833808,15.324051314004889,0.0100089197324268,10.19878084403314,0.02845705,98.1323318
4696873915900885632,0.728216725349884,0.014724329914949,14.18900995109215,0.0103381001088828,1.5128440546058228,0.014096507,661.650696
4697137729972143872,0.7060391080987509,0.0144449178671359,11.668084373583326,0.0101849442735442,4.31006565110174,0.011975143,232.209534
4697397489594233472,0.6732641411251357,0.0144115656519741,13.562396703021143,0.0101454850785843,1.6050228419491357,0.01163837,623.422791
4697621824327141248,0.7896751551357405,0.0274992100725904,17.212653325428814,0.0104567745628275,7.746662530960999,0.05125997,128.966492
4698037645878876800,2.2364960000000007,0.0141727975547955,10.575351,0.0100046704688349,81.29904765830503,0.015186255,12.3003349
4700112046364118016,0.7280172271509248,0.0148374191385645,15.10368472450867,0.0102735935462774,1.039290236750331,0.019771967,964.029907
4701763718988275840,0.6794668808922867,0.0149637796206971,13.019142808774854,0.0105148446482285,1.4741583196954042,0.009568034,677.559814
4702773654778110464,0.7823819776991029,0.0146027736149206,15.168421567565597,0.0102148507424841,1.0707444803872048,0.024496496,934.927185
4703311315963597056,0.8523810545181296,0.0148574901597515,15.26727015984214,0.0103409759067808,1.017338032007666,0.024101531,986.561462
4706297108508032128,0.5490779475429368,0.094454010727835,15.08820325329631,0.024824929667585,4.151959672432591,0.022049725,240.744034
4706323874744204672,0.7927565461423437,0.0143940476928312,14.439483435608496,0.0101123515298611,1.6962081337994264,0.017778248,591.020874
4715455868568334848,1.5157678417431135,0.0177120467353329,17.160013215824012,0.010241707770044,1.0328716412196708,0.058986362,965.512695
4715919175280799616,0.730527561078552,0.0141681449968531,9.965237130002368,0.0100044856690993,9.648801937443498,0.010808437,103.636749
4718251136364664704,1.8577208135519516,0.0152575416875612,16.274137496107723,0.0100635816506222,4.025785534279548,0.03450283,248.460342
4721129795244715776,0.6622505671862231,0.0146469015975463,14.435225885011938,0.0102871594425035,1.039049351850592,0.015447383,967.530334
4721404982389537280,0.786848524840119,0.01436653886336,14.14728746028778,0.0101235180608705,1.7413548617173231,0.0133033395,574.169861
4721475041895706880,0.8062300143581175,0.0146080310877587,14.42946240031127,0.0102742340666493,1.335223779466582,0.015132485,749.338379
4724313328083679232,0.6456276785206463,0.0145747231083598,13.93568019698012,0.0102544229203819,1.1792157271507306,0.012910065,847.783325
4724540789551779072,1.9977057899460284,0.0155620299697664,16.455749003068807,0.0100194956859297,5.3157980962381,0.038172625,188.041641
4724742343776981888,1.2045082072135926,0.0144165009544726,14.786626067776089,0.0101165717848576,3.095654965742192,0.022255918,324.138611
4724745882830044544,0.8137425429468145,0.0144998568145962,14.451579833862075,0.010208427104195,1.6774877255425655,0.01611207,597.173462
4725326047012567936,0.94493771804532,0.0146010841771485,15.001371008566,0.0102411013420383,1.712730811566326,0.018587057,583.625305
4725550450463451904,0.7125651629118507,0.0144064136330484,12.089646676846124,0.0101678723075854,2.9274837415655663,0.010162017,341.785461
4725976614299140224,2.4916527800067123,0.02024925715584,16.179619974395393,0.010017723220166,10.924330250004283,0.04134146,91.5256119
4727145910555147776,0.975548412479785,0.0143585331301933,15.29112751197712,0.0100561436343736,1.5014582813432424,0.021342417,666.819641
4727560495158593664,0.8712275707495265,0.0146449484739656,15.363630683586868,0.0101304174860371,1.2942416761712956,0.024615644,776.063904
4728034693907662976,2.0993250675792434,0.0213271609220931,17.043110192058172,0.0102044565767491,3.1566988693144835,0.05331049,317.531555
4728200410926279936,0.9167443413464628,0.0146406806011047,15.262849554049293,0.0102175544469973,1.4939097724643982,0.021895744,672.319214
4728965911537040768,0.665030802052046,0.0141515429836928,10.10837914241904,0.0100038275504937,6.685785180865954,0.016325409,149.649612
4729801334215608960,0.7347149227898387,0.0145203480580318,14.472988927557344,0.0101797905954177,1.3645591048964083,0.016742444,733.054199
4729813257044869376,0.94296298327717,0.0147935053974668,15.131631902677206,0.0103110449895872,1.6345326018301187,0.019732146,613.566345
4731346354211304192,0.6713918693088049,0.0147237711858763,12.732335721270331,0.0103711433115146,2.091836557337163,0.011972077,478.98233
4733260015543988480,0.6123015750004648,0.0143165627868742,12.584599984686118,0.010102693853628,2.0109033811734345,0.01144118,497.308899
4733640107265607424,1.0041672820154903,0.0144972539253464,15.35596469978262,0.0101299071848514,1.5622409652483031,0.025726216,643.871704
4734616885907599232,0.6912532587754127,0.0144954512768408,14.612545822454722,0.0101680888625767,1.052260258731939,0.015711486,952.729553
4735532160618179840,0.6827294718337176,0.0142734235558721,13.875892581784028,0.010068811205842,1.405348550817381,0.012648174,711.350647
4737536020559804032,1.019175945241262,0.0143435377168502,14.17005667262798,0.0100661840065372,2.2504170967160055,0.01434503,444.753662
4737755716726878720,1.0877616616532222,0.014409447533205,14.842463718025162,0.0100918393099634,2.060039543205432,0.01880711,484.771179
4737903772839535744,0.6538948822050098,0.0143869377064995,13.430104237432817,0.0101483876574117,1.6168061867255827,0.010835837,618.986328
4738361891231418240,0.7826696618139267,0.014594334091187,14.427148396298278,0.0102582946609335,1.728333642032133,0.015292678,579.176819
4739476864741460992,0.9085318950250582,0.014873989451136,15.097853144490973,0.0104013640527183,1.5153563864838824,0.020400802,660.225708
4739944706938862208,0.8061241914859493,0.0147472125501774,14.867711145478,0.0103411401282703,1.0745827309128737,0.018039223,929.96051
4740380147903588480,0.6599844729788896,0.014456865237356,13.306060255884612,0.0101566982901103,1.976508087802781,0.012495487,505.24585
4740435845039495808,0.8223050431648279,0.0144620793083686,14.909796532825784,0.010124781240613,1.4058914998189789,0.020727431,712.765442
4742423830781888000,0.6292546331633153,0.0145573024254121,13.04985049047423,0.0102611281800911,1.1666701770924846,0.010177492,859.243835
4743126796669361792,0.8797068498673654,0.0143654615636518,14.605540444419736,0.0101030913755709,1.9265937545265084,0.017631004,519.988342
4743500012147425152,0.8369083842004453,0.0148153079921675,14.898393041487047,0.0103842240070169,1.319665504630146,0.018332073,761.846252
4744037742052557824,1.8558532947246775,0.0162523322497678,16.750627550938912,0.0100278573223091,5.164104510614344,0.048346266,194.221466
4744844817945675264,1.4519606115700572,0.0145338309013456,15.396795463750058,0.0101387683390324,2.3422703337957738,0.02407661,427.883423
4746021948224095872,0.6447310219915495,0.0142780113403499,12.00325044152865,0.0100830655486103,2.5433552921005766,0.01153519,393.453186
4746496731088698624,0.894244306727945,0.0147964418321281,14.482144518180018,0.0103698325012308,1.4825163337233656,0.016037362,674.439697
4746937188574900992,0.9712329048166825,0.0144146101570462,15.340820980388289,0.01007281318987,1.2436703896868124,0.021010822,809.002136
4748692077852187008,0.9552205235594312,0.0143385136500372,13.79345178713896,0.0100991466903727,3.2102656804929315,0.011900466,311.754425
4749999843854110080,0.7850874244321965,0.0144941324707525,14.21031047791042,0.0101961137031996,1.1045631928326132,0.0135618355,905.057007
4750292623184780288,0.801194301035011,0.0147095230885456,15.286209558151633,0.010226162892331,1.0787684592845208,0.021473916,931.903198
4750558945516959744,1.099558915675346,0.0145477717221873,14.742812893384622,0.0101843681243353,2.7427764704561435,0.017349606,365.045044
4751123888333808768,1.1789573528285662,0.0144444973761056,14.697277514241495,0.0101336078628178,3.134090515134794,0.016358215,319.225769
4751438760977629952,1.4167928602632105,0.0145553808582017,15.40557504539388,0.0101381292549854,2.7409508693380404,0.02379929,364.939362
4752726941928642176,0.7140319708993526,0.0145732871406096,12.953517731330724,0.0102722108652018,2.8663324929598284,0.014102752,349.053101
4752787552507131264,0.7378173544009491,0.0145262850701115,14.690394686736925,0.0102017250690537,1.3583678295761117,0.016852517,739.184143
4752993814016954624,0.7290964052490986,0.0146029440502642,14.304914168865713,0.0102691371304515,1.3711230030364812,0.016115455,730.282776
4753248316598845696,0.9345290051297304,0.014748870065817,15.450437854836215,0.0102029237123958,1.2479009372598815,0.023721892,804.392944
4754077726322993792,0.6622055565696539,0.0144129916831905,14.092272152865515,0.0101445170536434,1.285549490902276,0.014108188,777.282959
4754519588262233472,1.0440745312459287,0.0141643086215539,11.418974905939557,0.0100078843109324,9.352075649310432,0.013695519,106.871742
4755048492011570816,0.827374565871702,0.0144766996147426,14.709149608892911,0.0101578468080865,1.514967506778832,0.0171828,662.742798
4755144836717918336,0.6059499411055279,0.0144447406685551,13.52385071073187,0.0101774456166536,1.0780576288470904,0.013707296,928.414856
4757031800535537408,0.8837399999999995,0.0258117068548143,18.085398,0.0100945574944272,17.67275816343263,0.10765444,56.665554
475719481176359680,2.235510999999999,0.0142384092643687,14.367797,0.0100034236127916,15.158765453591226,0.018194297,65.9738388
4757329738132354560,2.0438988928094504,0.0167186310479218,16.76165974679578,0.0100430884349339,4.724618984007976,0.04403705,211.471512
4759924138885811072,1.1008816214042705,0.0175330566465221,15.48468788931712,0.0119884791714934,1.5344343058656178,0.031306863,651.388794
4760575393368384384,1.8721073208486188,0.0150201882166089,15.997811892613948,0.0100298342459027,4.611495054281756,0.03066339,216.768585
4761346872572913408,0.7128944404433053,0.0141568308427225,9.27956733537474,0.0100024986136882,13.764591113758836,0.010063199,72.6542892
4761524752938019200,1.9847180000000009,0.0141813542162741,11.283615,0.0100060422561129,41.74640230050099,0.011819608,23.9531479
4762141132284436352,1.015475431700454,0.014273787273143,13.89865699179578,0.010056636874487,3.0756365031845125,0.012617421,325.023285
4763562732100333824,0.8141444516907165,0.0143699237548688,14.949383014246914,0.0100561837233053,1.245809946332605,0.025070509,808.883423
4764714676688029952,0.7934505270408369,0.0145256579172432,15.297985227203922,0.0101181912756621,0.9486648218962024,0.023786167,1060.97485
4765136850497406464,0.7766408370989923,0.0147868563269646,12.698991108888876,0.0104114305574015,2.4617724129027216,0.011824238,405.889374
4766672975616987008,0.656114089101002,0.0148531434211431,14.133557366345498,0.01040768754965,1.0404278178154849,0.013910304,962.066284
4767185485474633600,0.6882457829388925,0.0155780606941866,13.88663852479125,0.0109093127391581,1.0256367064568377,0.012816284,974.02533
4768015406298936960,0.6178818742168286,0.0144936334714841,10.454740822656364,0.0102286037342325,3.2374052539608935,0.013618741,309.136017
4768786065166423808,0.656233254959133,0.0142220832534031,11.829420547609576,0.010031834996092,3.995927195275723,0.011833796,250.326416
4769522222561205376,0.7494728262962329,0.0147754059583394,15.33751551803324,0.0101824051537247,1.068258648985174,0.021592623,944.146729
4769540295783578112,0.6572584168691084,0.0145774230297924,14.431461636585292,0.0102322624525685,1.0141454565405743,0.0151709635,986.692383
4770429250934739072,0.703299482107149,0.0143161038808535,14.527598877439567,0.010056984892592,1.098443759666046,0.015298296,905.6698
4771170802808063232,0.6992185031311011,0.014326894483137,13.518319171841256,0.0100842627499303,2.2027103412424975,0.011547669,453.650757
4772272925775922176,1.0037792332509368,0.0146845979862351,15.278263694999971,0.0101840021337068,1.6650740485174722,0.019649323,600.723633
4772667719169814528,0.9587585434318466,0.014577836465874,14.8867329364836,0.0101653631427355,2.009692966422523,0.019633664,503.581268
4772771446923938688,0.7905496885666676,0.0141891098022097,11.990673954670946,0.0100179561657518,3.992523473056122,0.012127846,250.510147
4773515511354538240,0.6898648274547888,0.0142716895925486,13.090590522667869,0.010073951751872,1.959497532257053,0.010840785,509.582214
4774186724547561344,0.6828220551765702,0.014233997674944,12.024261374175095,0.0100530788111804,3.1845389490553955,0.010923551,314.070068
4776074865185970560,0.7463552391864933,0.0143930026581216,14.912505240237634,0.010069570790869,1.0881481179945371,0.020101435,922.093994
4776242781227404800,1.0953717950100137,0.0145222067000374,15.368342368675304,0.0100463978977718,2.054425432260898,0.02353314,490.315674
4778268322164666240,1.1687605001204964,0.0149495005556889,15.575019676985644,0.0101071977475762,1.7019786755735422,0.0242008,591.210449
4778321511038673152,0.7111828287635469,0.0142383364321871,11.564788065119709,0.0100563354790136,3.291648569560809,0.0117876725,303.880554
4778415240109282432,1.1187491364839592,0.0145942484518848,15.179722718367662,0.0101783276065449,1.6444131206801944,0.02282916,608.530823
4778947785989899136,0.6849632842354934,0.0142749789606571,13.584170412256183,0.0100520530396226,1.5025720849859532,0.0121224,664.960022
4779367249676476544,0.7769212714026855,0.0143005079421113,14.25975326183225,0.0100513236325052,1.7258242826671706,0.014613378,580.460938
4779961638790427776,0.6350579736295231,0.014349312072547,13.72707393267238,0.0101152367809707,1.4755317765005,0.011628979,679.559387
4780064718005742208,0.7664563419355683,0.0144570885047105,14.872094515223155,0.0101476091048216,1.2957880250777043,0.016628055,774.408325
4780875539111635840,0.887375804605959,0.0146819581115636,15.371260178775062,0.0101999244353573,1.2809297266375586,0.022471398,782.647461
4781175465267908608,0.8067610660005965,0.0143416986187325,14.987211145458764,0.0100690676224907,1.268048146418308,0.01851906,790.92395
4781734773088994560,0.6676685181469706,0.0144479520806249,13.565652943869154,0.0101838643886116,1.5782404726615509,0.010546492,632.796631
4782250031725932672,2.524167093626917,0.0746988662043027,19.034871401626237,0.0102871306722582,3.09733403861463,0.16544814,335.746399
4782251921511093120,0.6765405526441732,0.014269894249284,13.148333176843227,0.0100646340748161,1.2751928242534565,0.010057832,783.08551
4782265665406743424,0.6678544376067452,0.0144160075376299,13.58572021010102,0.0101624265175758,1.5473967531434605,0.011346812,647.680176
4782494295105685760,1.784101275698748,0.0173113749249276,15.958060069070974,0.0100463007909989,4.358085612187866,0.032812763,229.680923
4783266839463164672,1.8917470648954868,0.0193220843273586,16.916550772887504,0.010055806776268,2.880414024337944,0.057452712,348.791931
4783360916426724352,1.1322032808726237,0.0143796723023155,14.766432553531477,0.0100448089385225,2.3817631769309817,0.017741702,419.954071
4784372501484444672,0.7389856530071233,0.0146168303292761,15.100267792306584,0.0101472278623427,1.1774562241731084,0.021566283,855.187256
4784942357745442176,1.169401836884279,0.0145139026389104,15.386648434144544,0.0100353199166841,2.0754358357815534,0.023784475,481.77179
4787876988639117056,0.99729344854206,0.0158136473342249,10.927521302420546,0.0101245139246994,7.442487432341884,0.009987455,134.315735
4791182945226297600,0.7384441153852472,0.014156799775866,10.66657421074809,0.0100061739751626,6.1093910860049805,0.012291573,163.71405
4791619794939635840,0.6362105351585602,0.0142156323883906,13.043791438838024,0.0100397042007877,1.96798386304575,0.010478986,508.364655
4791646286297849600,1.7592008264615002,0.0186936765134763,16.783373741109262,0.010071528138394,3.3331580583650604,0.047801953,301.027924
479260213557492864,0.8193670736827122,0.0163125966718608,13.085922162556075,0.0114002787995634,2.321896844754008,0.013137735,430.899048
4792866538046033664,2.1053709468555892,0.0363249181998047,18.1830881890292,0.0105939311392116,1.9122311587935,0.09588356,542.029236
4792991985450946048,0.7236414245263284,0.014419142066847,14.88790734612899,0.0100977011174907,1.0592685742022168,0.016950019,946.166199
4793725187907958912,2.1453243261021324,0.01570632936628,16.437606593933612,0.0100222804332153,6.052821274211191,0.034478433,165.056229
4794179045691966080,1.8720827166953076,0.0146767236098309,15.728315790490552,0.0100143105999247,4.516289004537109,0.02608285,221.808304
4794476257428690432,1.823147766707368,0.0165232780726643,16.59940010879446,0.0101340401329874,2.056877292699329,0.040791377,485.215302
4796768498654281984,0.9687333892697592,0.0145882901660907,15.317423776353122,0.0101394441662432,1.6762402313724911,0.022499867,598.437317
4797319388340605184,0.8602534295692607,0.0149246929092903,15.134946935666216,0.0103642537784386,1.406911733392888,0.018959107,713.941223
4797516475799429888,0.7583032320165974,0.0141569799475949,10.504404678114032,0.0100026634443276,7.256906130107403,0.013828033,137.74617
4797530425853297664,0.6583855820563144,0.0145632180350613,14.34230047758458,0.0102353638997881,1.129963920555378,0.013596594,883.022827
4797776922616827904,0.9983696737319502,0.0150171732114335,15.3525678355315,0.0103332532835977,1.645293459850247,0.021579614,610.442688
4798054755461153536,1.9395597035313832,0.0145986774585331,15.36364523265439,0.0100091954686506,5.427623004991626,0.020796413,184.178619
4799286449002320512,2.000408873015806,0.0151504646052254,16.046886609708164,0.0100165237081257,5.9344681236787205,0.032647103,168.61496
4799669216487727616,0.8189171239027715,0.0142226392344759,13.10578044735905,0.0100385801563738,3.114515525760238,0.009539934,321.388275
4800469626593314176,1.0879331815409496,0.0146167638794324,15.14070542187847,0.0101817643201715,1.467040924092934,0.023649674,681.576538
4800664686827753088,2.346849135160769,0.0203584104751888,17.05968808629987,0.0100591703258971,3.4901393460010453,0.049525596,286.900299
4810594479418041856,2.0266460000000004,0.0141784807685996,8.063552,0.010007753695581,254.20545626384575,0.016842743,3.93387246
4811327613154832512,0.7229748240469008,0.0144061068960106,14.590955208651344,0.0100588517472403,1.2963695032685314,0.016042635,772.591492
4812533983568858752,0.5966134056512165,0.0141894577987028,13.128816828229564,0.0100213069215756,1.4242802758875617,0.009718914,701.945312
4812578410710548992,0.7474987887531996,0.0143696187329994,14.80527790030575,0.0100567995656378,1.2080956213530358,0.017329106,829.059326
4813486263717567488,2.3518966954977603,0.0254019036665351,16.985734268154314,0.0100295415866759,4.969937609049685,0.050092053,201.61998
4813964654355218816,1.0421892489809057,0.0141786408801068,12.975252129409045,0.0100194723488419,4.593981559243473,0.015031056,217.662109
4814680608223179648,0.6017436825705228,0.0142016642504077,13.565889012223105,0.0100246537646677,1.410160115939064,0.011480428,707.501038
4815553826614293120,0.6869600825043205,0.0143171684852394,14.241347804106317,0.0100514912818093,1.1884668717505529,0.013782113,842.317566
4816723741345895296,0.7400409245979221,0.0146145202596759,15.022306457645907,0.0101876037557437,1.1049292501758714,0.020297287,906.657776
4816871831818198272,1.0679143545858572,0.0145361940801823,15.39860326336136,0.0100491788460364,1.8895553853877645,0.022777522,530.871765
4818949324679566720,0.6850075466000078,0.0141491472453681,10.619435012754012,0.0100019657469031,6.414622109430498,0.010061996,155.83342
4824857825289192064,0.7713338246318935,0.014481137987498,14.029451568122433,0.0101697596086536,1.1667464723119418,0.013752035,854.820801
4828246520125545984,1.8046949835735455,0.0142151022463649,14.19746087055576,0.0100047525772439,6.9931425361027015,0.012876903,142.979568
4828479376072653568,1.0216683269175064,0.0144812088745351,14.827296915103902,0.0101159456552938,2.074926893180621,0.019793682,482.534637
4828488962439556096,0.7508878743155581,0.0145646455763952,14.434969096452724,0.0101933364090635,1.2672712847600696,0.015009284,788.518555
4828786036737262336,0.5866834619378911,0.0143230944884809,13.895684622200958,0.0101000428083542,1.018818057805981,0.011811218,980.328308
4829328714445355648,0.7377227527558443,0.0143587769048553,14.916765370276906,0.010093089991402,1.1107214790415547,0.020156683,902.165344
4830208048869791744,1.0490623870004487,0.0145807951871745,15.468726291388268,0.0101155242615282,1.7210086228593668,0.032450773,585.66571
4830737738596490752,0.7873730160381551,0.0144105490550858,14.723433740082578,0.0100947464219345,1.4173974840460803,0.019372871,706.887756
4830792194485083264,0.814254233052348,0.014175820913224,11.76765391495957,0.010010847417521,5.281095458595599,0.0122193005,189.385162
4832366768151802240,0.7163937019471104,0.0142542836765854,13.052042098877166,0.0100541304288205,2.4435302173514915,0.009051136,409.686157
4832810214935240704,1.0064393612809628,0.014872281103586,14.994947520703825,0.0102651249519326,1.699376189639335,0.019397628,589.309814
4833169136762391552,0.6865008952506233,0.014384390856613,13.69229327204054,0.0101417474054627,1.2320254403032995,0.011262751,811.880371
4833642751395962240,0.7681317388672159,0.0147644149542926,14.999232198465458,0.0102955392046164,1.2513099839718331,0.020553844,802.483582
4833686525702596480,0.7038803843812595,0.0147166964113597,13.945458990985022,0.0103560259954823,1.4409027640252792,0.012609719,694.965637
4833702399901736192,0.8778917818505527,0.0149172202877933,14.98376811472176,0.0104065072904544,1.4493237586102774,0.019693341,690.750122
4833873614477931264,0.6839199282633668,0.0145969255239164,13.432079318159312,0.0102743379868246,1.7680815183899548,0.010408099,565.968567
4834108085332687744,1.913938392210368,0.0189750132328818,16.91191718996121,0.0101688598495115,2.831036176346142,0.047421828,353.675446
4834305000993015936,0.9632300999823002,0.0149456048480739,15.417704145002505,0.0103428442810779,1.6360140596470492,0.023846334,613.510803
4834602040931306880,0.7760907354968586,0.0149189889920443,14.98843407096131,0.0102749991568064,1.0839168671260566,0.018428342,925.55188
4834712954167492352,1.5680915923846277,0.0143246176970494,14.707117321771117,0.0100521829804766,4.314749951093453,0.019861072,232.020645
4834892346361027072,1.618852418198888,0.0141975070062249,13.695118317091826,0.010002968480154,8.678710802727826,0.012048598,115.2258
4835156847626921216,0.6660493438405012,0.0144849131410564,14.626861141138392,0.0101664109879284,1.0888312718385944,0.016334683,923.105225
4835343970762021248,0.6453843615174786,0.014437653338168,14.400376078056397,0.0101521480836186,1.124421044445038,0.014916228,889.941589
4835463199054560640,1.8403117784555416,0.0183511063723684,16.812577523490127,0.0100689039167823,3.766294988570893,0.045501523,266.200012
4835463199054560640,1.8403117784555416,0.0183511063723684,16.812577523490127,0.0100689039167823,3.766294988570893,0.045501523,266.200012
4835576757989737984,1.1516049175487273,0.0145713703604729,15.389175595510764,0.0100846522726097,2.1043723365312226,0.023518795,476.222137
4836533951580965504,0.6018783133605539,0.0145596962259375,13.9128378746767,0.010250427625706,1.3620550840328085,0.013353357,734.817871
4836881912651359616,0.8000208698823092,0.0143616382877324,14.799714171518502,0.0100466192325438,1.0328239088904776,0.017637378,965.044617
4837330547755411456,0.8412139565683029,0.0143968513658218,14.92836247513896,0.0100674676865313,1.5814210141780856,0.018635929,634.099182
4837447851902505600,0.639697216676323,0.0142415729745897,12.80134109917099,0.0100449630074122,1.67987220966927,0.012466204,594.64093
4837554985566594176,0.6785373557638414,0.0144183303803813,14.226079623965308,0.0101619263615013,1.2020547443542549,0.013490184,830.636536
4838591000397430144,0.6692716304189203,0.014281542658348,13.19083950702307,0.0100717470090289,1.7894740891454148,0.010493448,558.068176
4838748466781980288,1.0438358574852384,0.0146209303584722,15.137604415389475,0.0101964799381421,1.4268442470922935,0.021661459,701.540527
4839227274032785664,1.085510364963782,0.0143254616344919,13.951731033792797,0.0100777061415696,2.839832646408078,0.01232654,352.343109
4839485040790172416,0.8144412081342182,0.0141713468479049,11.267011973893217,0.0100102495334633,5.938082550529829,0.017859807,168.464645
4839560322976940032,1.982297428891213,0.017091853642954,16.604195407736484,0.0100774618651302,3.985314175618947,0.04063366,250.43222
4840980067365790720,0.675072773200536,0.0142669765346065,11.347197962603444,0.0100791987484131,3.794208517134307,0.0115249,263.67218
4841785597072029056,2.216952761454513,0.0171100554619235,16.695189200454262,0.0100279603489085,7.320042067051155,0.046967637,136.757263
4844195584825158016,1.9116465267240172,0.0154886944776924,16.26373932102966,0.0100348198683639,3.3696273168723807,0.033862837,296.149994
4844711741111339392,0.9970450467354812,0.0145532035287285,15.299121597758582,0.0100347159752349,1.6577969182012864,0.02277946,605.674255
4844727340432568832,2.3775840000000006,0.0142482965371224,13.734034,0.0100068219950197,23.57194782664828,0.012636493,42.4268913
4845617773052146688,1.8004968511828148,0.0147826672386395,15.82823654136378,0.0100344198131702,5.352577647772766,0.027318839,186.934753
4845635464020889472,0.7520686691496141,0.014246689571248,11.636104323145387,0.0100636952752834,3.690816869411165,0.010736528,270.892242
4846726286931286400,0.617118236078777,0.0146416686504178,13.881738770620233,0.0102943149412401,1.106820264743804,0.0136505505,904.944702
4847597271939162752,0.8965066508063324,0.0143534140038893,13.198069654930254,0.010126289329329,3.628598008719203,0.009971992,275.547363
4847767283924535680,1.6481029573224508,0.0359154006180459,17.69688798868623,0.0102040798360814,2.2053615403300117,0.08380314,484.906067
484792101372943744,0.7329184416065615,0.0141450901590871,9.442802001035297,0.0100008666656506,10.25977517076447,0.014199924,97.5073624
4848179081092540032,1.0935824751825034,0.0145723502301797,15.208752478012093,0.0101906138271315,1.7353842830131074,0.022903224,578.947754
4848488082516128384,0.6364779351001469,0.0142513801498333,12.187039236789388,0.0100632468287184,2.090862773372963,0.010940183,478.298462
4848512134332934016,0.5987715949283761,0.014476600345178,13.767567642611352,0.0101877003606103,1.1794856223947263,0.015637726,850.204468
4848513199484824320,0.8940383638783058,0.0148745052837442,15.40961187191279,0.0102267466746975,1.1725373449177832,0.024585472,858.512451
4848708740756099968,0.842657190132738,0.0147060058740602,14.94327988865552,0.010277300690015,1.253251403612557,0.018208083,798.973267
4848756775670220160,0.975167878592419,0.0148475293860197,15.444579341911425,0.0102362680354626,1.251474332320788,0.02369255,800.494263
4848962384344674560,1.257721823623238,0.0143450190810806,14.49224754924633,0.0100605159699956,3.305123534067393,0.015994878,302.850189
4849116728289415552,1.1123127281815288,0.0145131182844744,15.130380487978757,0.0101093916053655,1.7238910942041137,0.021177208,579.774475
4849527395882310656,1.051447773092203,0.014770969001776,15.475162726319002,0.010221313316637,1.4422488943712637,0.023794949,696.438232
4849691326194025984,0.8164201609166817,0.0144172679547357,14.294758036230656,0.0101426574417065,1.792216490085449,0.016113508,558.736877
4850007263988562816,0.845514458696884,0.0145753521812451,14.481286488890657,0.0102186835445027,1.395411147521071,0.021194683,716.333374
4850061964692071424,0.8826178540176401,0.0149305779693273,15.402180098837574,0.010354754821433,1.3531013042004187,0.02564553,740.585327
4850233557225088640,1.0416984719717497,0.0143321861651635,14.349067359287432,0.0100785152969209,2.163005642891027,0.016327087,461.885712
4850503796567732096,1.974324030216851,0.0171496039370007,16.74522858799297,0.0101011852818329,2.674163661617652,0.049377024,376.331635
4850531971552909824,0.7398425948180095,0.0143009386900412,13.725052937800022,0.0100833804386146,1.2322672664464749,0.013014089,811.86084
4850619996906367232,1.884285040366123,0.0178808964461313,16.85161505048153,0.0100900979592055,3.732329257342738,0.052847456,267.774933
4850673911632285696,0.6132998325859024,0.0142111638390095,10.98234217895951,0.0100402288589231,4.0019011738590455,0.013896708,249.944962
4850731635992714880,0.9423211297911578,0.0143334859944059,14.319805204371,0.0100899853807274,2.2838610223187614,0.016405974,437.40741
4850823445213755136,1.020817723593655,0.014709085587079,15.338345958632914,0.0100771393678576,1.2656568298539737,0.02555631,790.407471
4850929445006515200,0.8806635469707017,0.0142958840460672,14.423398132106255,0.0100636454449627,1.848022601804293,0.02093465,543.701233
4851439343523797504,0.8016021712121294,0.0143498808068449,14.103207576480314,0.0101008013803983,1.8378754050600985,0.01335525,545.554321
4852614858892892288,0.8069105234480181,0.0149345625502766,14.824435273608923,0.0103486753012902,1.210993378506089,0.019868221,824.751343
4852712749787589504,0.9827963618625024,0.0143388527829256,13.903370960071465,0.0101041504971607,3.2523537309720476,0.012628543,307.560638
4852845721974905728,0.69463550042514,0.0144667520937759,13.753594379746817,0.0101915897870471,1.388489439401993,0.01251809,720.873718
4852995015037939968,0.8130126678895236,0.0143994330069973,13.977313430907593,0.0101412450810454,2.198364760474284,0.013716651,455.535645
4853226359156778752,1.9919153186706169,0.0146390708766323,15.91749845382837,0.0100153865355947,6.262854000942199,0.030895542,159.727539
4853281712695308416,0.7125970037027691,0.0145753531149741,14.407864660826837,0.0102504581014819,1.5326614973851609,0.015282861,653.857788
4853892594483809280,0.6636837432300888,0.0145406193682622,12.7486539356139,0.0102487791537369,2.2993402562482816,0.0148335975,435.38739
4854056078118801280,0.8558358740334236,0.0145320171732867,13.615682684291455,0.01023088522862,2.671083077071461,0.014389834,374.717346
4854106277696429056,0.7824334212185914,0.014200641298382,11.554471060148831,0.010031893370684,5.039780291415314,0.012660812,198.494415
4854175340770536576,0.8807684983815502,0.0146250331132249,15.019018271726496,0.0102447965055699,1.0753619017834712,0.022239968,929.230042
4854477191072572800,0.879086785446021,0.0147629042644104,15.32492074265596,0.0103281029598667,1.326437840314962,0.022783197,756.378662
4854668196858066432,0.7600100475065316,0.0145867228810373,14.706823492694078,0.0102007520863134,1.2328317208913568,0.01845983,813.018799
4854940978820466048,2.0687315096400014,0.0162516883234704,16.082597891297727,0.0100424484702179,5.4958411516696914,0.033844713,182.175201
4855923048863203072,0.6589143487241921,0.014329209682718,12.87751439502031,0.0101112457534011,2.1016875788777347,0.017633392,476.298218
4856133742778292864,1.5540174370331656,0.0154201852904184,16.327231616995565,0.0100557163046757,5.542694407739128,0.0428351,180.604782
4858349842823847936,2.376133701236065,0.0176159585973665,16.511921601150735,0.0100667826461648,9.33041169258712,0.044452924,107.072548
4859591913006028288,0.9567849622179782,0.0145144707516137,15.031259668740883,0.0101268596733306,1.4502920454500492,0.021072071,690.578186
4860310409495477120,0.7261173035854263,0.01440014877464,14.692016379004604,0.0101115224158456,1.1711102927301933,0.017695434,853.272461
4861428853338946048,0.7131904916373314,0.0144137806802931,14.963111629302311,0.010105065480164,1.124226121231782,0.022119254,889.324707
4862910067300641792,0.8699919137848118,0.0144422844759142,15.34756399267849,0.010090758926936,1.2906707305205387,0.023761548,781.414856
4863756382016086144,0.6948997836023474,0.0144859908524097,15.043312153177366,0.0101311622030585,1.071566002944932,0.021897087,938.740601
4863981262207449600,0.8005898408400618,0.0142059321195037,11.539337359377258,0.0100322771961586,5.136706460084056,0.011684097,194.721741
4864752883148063488,1.6825030000000003,0.0141583106479923,11.096197,0.0100023218668369,29.990925389734105,0.011242822,33.3441505
4865281164125562496,2.551289413299369,0.016200759669173,16.629452187877,0.0100206968695842,7.533667541935165,0.04301413,132.634933
4866367241095770880,0.6831270650322567,0.014376396609595,13.723181577022885,0.0101299536340582,1.199416624711451,0.012347605,834.757935
4866947439637819392,0.9131408954041051,0.0147390156959952,15.312872808653362,0.0102757413657796,1.232417881075147,0.029080933,812.819153
4868436075302225408,0.9076650461609702,0.014676608718819,15.1442229090097,0.0102290923214317,1.0352438349133188,0.02084077,970.072266
4868470366321096832,0.7740868990995224,0.0143023009631801,12.525844635325722,0.010095660391578,1.922868663813352,0.009279363,519.601807
4869238650071241984,0.6610545083082965,0.0144840082891303,12.74388994928631,0.0102120571055291,2.127704190724584,0.011508661,469.704102
4870988282308439808,0.8107199462463109,0.0147068167241446,14.267922928785325,0.0103341019548746,1.9763305034912808,0.01328858,506.787567
4871491515037216000,0.7214030917442664,0.0144891449664169,14.020691669216044,0.0102103699786329,1.5492299845137012,0.0135834515,646.932312
4872263475278729728,0.7391220261323878,0.0154044772967005,14.318044991812236,0.0107954505733412,1.3199861123758112,0.014628597,758.832825
4872887241969675392,0.9959353387723549,0.0147571298918943,15.387947918381084,0.0103226245671895,1.2216674771231524,0.027246218,823.819092
4873270112534048256,0.690384970564643,0.0143764807430469,14.428294089044805,0.010115467275331,1.1391917922969756,0.015448378,880.760803
487333141460732928,2.124090499999999,0.0141565556510469,12.323835,0.0100013945981047,29.31485858358217,0.013092395,34.1107864
4874035819303508352,1.3332420221997408,0.0143680569929555,15.1524675460426,0.0100356318494627,3.183339373422383,0.020724049,314.421875
4874355845906645120,0.6593855602231468,0.0141509447949168,9.715985049675698,0.0100024826526092,7.216982844513799,0.014738086,138.576828
4874906907391351424,2.388426000000001,0.014186130138016,12.7095375,0.0100089318360395,31.77343322417617,0.028716614,31.4785042
4878928336809457536,1.2807620551687646,0.0143850855240659,15.20332238021345,0.0100608138717164,2.537897329080609,0.023099234,394.784119
4879166381077309824,0.8221089730342711,0.0141531217653978,11.075994183351185,0.0100044381564355,6.84441717945664,0.015483142,146.097366
4880351787753726080,0.7937759065527059,0.0145477484126439,12.226280777893669,0.0102587990753536,3.328777791361806,0.009481552,300.334991
4882180554765448960,0.7248822621344013,0.0143573933886151,13.72727931797589,0.010123283928662,1.277831801170549,0.011756463,782.604614
4882896749152103424,1.2108585801728993,0.0147777890502257,14.449446696746774,0.0103284693927398,2.8002144646734735,0.01570039,356.5849
4883354695744792576,0.7968696564816352,0.0144161444816607,15.152499904271211,0.0100623780099381,1.198780123883703,0.022414055,836.728394
4883446951642211584,0.7978611930487652,0.0145067214782397,14.794985748947884,0.0101511990969649,1.0088601271318576,0.018399874,988.522156
4883458251699814528,1.7694649962905418,0.0179008621390877,16.79444066119428,0.0101304481876091,1.727082223316244,0.051373687,580.807068
4884835325590482944,0.6748131445461542,0.0146703224402967,13.724637161130548,0.0103302899946986,1.4268606700023576,0.01342184,700.430847
4885014266811269888,0.6734932853839994,0.0144693739228342,11.445224450769915,0.0102127287553868,3.062532652048656,0.015543416,326.408844
4885234688829497600,0.7168553218790725,0.0147224345859451,13.612170658505056,0.0103623181031613,1.7811490159164292,0.014066396,561.074219
4885567011922635008,0.7185375555632284,0.0142111592922241,11.233666334962196,0.0100419796381221,4.378814248235649,0.016157547,228.34761
4885999021209705216,0.7819750591172021,0.0146606732106202,14.35139930422148,0.010292481113105,1.624650548356486,0.015712928,617.20874
4887157597227890944,2.1414119021737754,0.0174208099893231,16.786029118196385,0.0100855932384846,5.08272871764564,0.05042938,196.937485
4887446631346625792,1.1544793889713238,0.0143629794822338,14.904729864160714,0.0100635920417226,2.613339958934435,0.020472955,383.134033
4887650109717662080,0.778731484521644,0.0145635545826619,15.255916068492922,0.0101754720973945,1.1379527855948262,0.027117813,891.897095
4888001094445369728,0.8476270041394813,0.014279163580964,13.686988589021915,0.0100765508102318,1.9391371535513993,0.013585976,515.452698
4888074418126972672,0.6831399504666481,0.0142720575865309,13.630910987695362,0.0100737173159919,1.4896872266980905,0.0127583295,672.467957
4888290403442203136,0.7298735880230173,0.0143960197603684,14.135265455085133,0.0101475190965266,1.225229243236247,0.01526898,815.363281
4888424440781175680,0.9615228123307544,0.014476026623062,15.410649256486598,0.0100835058548411,1.5700903716796026,0.026835062,640.074219
4889199974436350848,0.7988746557739428,0.0143203719872411,14.393471791539085,0.0100851280648574,1.321908294375635,0.017935514,756.905029
4890015124869249536,0.642330752787759,0.0145671467754671,13.06599242360664,0.0102711400836704,2.040550142718152,0.011246713,489.956665
4890799866933815040,0.9017516487660612,0.015742567362702,15.014244362896909,0.0110043732461525,1.578674271334542,0.022530714,633.84137
4890881265153979904,0.61640849475322,0.0172353710081253,14.049994480291264,0.0120102784044162,1.2586948573298558,0.017022602,794.131287
4890976372909942016,1.0680342003378702,0.014420081763616,14.559146002582516,0.0101066805091171,2.315519310543133,0.018570283,432.599365
4892422093261250304,0.752131412834683,0.0145599332688613,12.518709919434784,0.0102659729591194,3.839750997330703,0.01015189,260.427765
4894094278649120384,0.7704381744389526,0.0247433338432311,15.958102493711472,0.0169152122822869,0.5526357598810353,0.034650486,1811.87866
4895555254724277120,0.900598642845975,0.015141696819921,14.894933177252964,0.0106108632406051,1.5639547468994992,0.018988686,640.104553
4896838625312080256,0.6780323454267696,0.0150036141484755,14.670435548527168,0.0105318037247364,1.0299585245935088,0.01895074,976.172119
4897567257924056320,0.8128092405767853,0.0145454638279918,15.07860457340214,0.010177294885142,1.336911520504326,0.025091838,754.38501
4899189071933959040,1.047454419685325,0.0144221755514179,15.301533290875838,0.0100643828522181,2.0200236195951433,0.024665862,497.030243
4902377273401286912,0.765807677048643,0.0141843455194628,11.64823709489438,0.0100147517145449,5.304717730818397,0.011178817,188.554565
4902907895136350336,0.7507493276277248,0.0144897155343615,12.363739470940128,0.0102164177127371,2.891078557694602,0.0103887115,346.211121
491623912573002368,1.567578000000001,0.062796687826905,19.621773,0.0102615669711591,16.682321209982536,0.32888952,60.1471863
4916387461016946944,0.8633887865920712,0.0148674592389864,14.8474465874604,0.0104166668367589,1.5317384438933814,0.019067615,653.918579
4916451301410968064,1.1818865320192096,0.0146466299604538,15.420020868675923,0.0100795929242201,2.1253966656477403,0.025355149,472.449219
4916513664336077952,0.9746001398990844,0.0142394790880982,14.448099912543288,0.0100275003475035,2.463390784871524,0.016691659,406.328766
4917498311358468480,0.964946332681114,0.0144336916703826,15.202343332894428,0.010104693393202,1.7766548291779822,0.023577482,563.684875
4917535935272224512,1.0261988279388583,0.014318538153852,14.195051506643484,0.0100894633011381,2.8923980608664044,0.015934827,345.756805
4917761055981451776,0.9323824875845496,0.0144885758049452,15.292183575554988,0.0101055237172269,1.4886802873500364,0.022444312,675.719849
491805851686912000,0.9108229999999988,0.0141452070648591,9.711251,0.0100008603447332,20.17973640506615,0.01474845,49.5471458
4924948121112352128,1.2240373616637932,0.0141653836960972,11.874535121919449,0.010004392892433,10.988799570678188,0.010947096,91.0138702
4925248047268557056,0.7260949258313962,0.0141732833449972,11.0952446839733,0.0100122804034846,6.74530407609976,0.015852125,148.280899
4927670855499655552,1.0184271623856214,0.0141608096627801,11.959700363492145,0.0100068439249419,7.720049503611073,0.010267971,129.50293
4930187225299540736,2.784663,0.0145405277363562,14.874787,0.0100083637013035,25.31628695763018,0.020798417,39.4979515
4931224958117363328,0.8099766092766175,0.0143921184881293,15.281438563484867,0.0100925325756331,1.1311446223583614,0.02463975,888.415466
4931244337009700096,0.7772121763180101,0.0143659855262147,14.287337428849662,0.0101181634346205,1.8801962859307153,0.015477486,532.725281
4934490816889394432,0.7226515510967494,0.0144187524516578,14.325252847010498,0.0101568614670674,1.1635755409708417,0.01715786,858.500244
4935590431596178816,0.8562001662413548,0.014293707023428,14.114258416863024,0.0100837422930294,2.1707731325544004,0.014716254,461.436707
4935683031091033984,0.6764281150501247,0.0143406763468643,12.871438948606654,0.0101237899354168,1.6654904950914802,0.011841445,599.892212
4935821844433897856,1.0255069945163218,0.0147558208396215,15.280308121485175,0.0103103387870518,1.5357892253669936,0.024785431,649.936523
4935822737787475712,0.644073956828568,0.0144639820247321,14.054727888469104,0.010197723427679,1.1629218011176845,0.018517096,860.833435
4935828819460747008,0.6362761015786556,0.014635113105358,13.701815160158738,0.0102993107660376,1.6285696030108685,0.014686504,614.548828
4936138435063323904,0.6537238618185051,0.0144905712187655,13.179295278389349,0.0102183462447964,1.7449569177335664,0.010586454,574.022583
4936568962585140608,0.8003664360430823,0.0144590562195017,13.338792125999982,0.0101911423617014,3.024008311212638,0.0106735835,330.671265
4936837552659670016,1.350426457379029,0.0147999725739764,15.645559617123618,0.0102002441644503,2.682926906029496,0.026945472,373.479309
4937079170340534144,1.2175088852494689,0.0150036994837216,15.554652211771987,0.0104151353618853,1.7691107501103265,0.025824592,563.217041
4937874804441740032,0.5760492369359043,0.0144531701799548,13.74563050591387,0.0101880373960659,1.0575893555916962,0.012968496,943.075623
4938072304218082432,1.1498003125564955,0.014251125656945,14.13001278355224,0.0100401910874261,3.789207294724577,0.013892255,263.93335
4938147002289269632,0.8437378415887213,0.0145102183369532,15.087795905601697,0.0101833622400462,1.0552135904166589,0.022258261,950.617249
4938270972225212544,0.8136674171360041,0.0147243642749958,15.140319638305826,0.0102356324915856,1.2312176014193796,0.022924837,813.453369
4938332922833627520,0.6352714598932945,0.0145744927298654,12.593806571079442,0.0102731650074985,1.5182224984020716,0.011082547,660.609131
4938886355139240064,1.0456393583223147,0.0143847310230308,14.406495507787668,0.0101193683229086,2.380130591218149,0.015249553,420.188293
4939427074341928448,0.8100060131121473,0.0141731805124203,12.3570852344927,0.0100121596901016,4.7855408976673255,0.010639511,209.029694
4939637940056386176,0.7705214232867788,0.0144879526707644,15.233674544729464,0.010112807163224,1.0772262718973091,0.023191381,931.736511
4939641272951011584,0.6165016026606382,0.0143678971559215,14.22674406174151,0.0101102785470209,1.1297880461550174,0.015716208,886.174194
4939922301251278592,0.8428564538413453,0.0148858505798837,15.355202339178746,0.0103474580998206,1.2329710824892302,0.02348249,813.058105
4940207727597740160,0.7010358594147142,0.0146013015375919,14.838120375492034,0.0102414766168925,1.0214899192908848,0.024370804,982.913452
4940780332638033792,0.7145657177991781,0.0144273418990219,14.58994061584395,0.0101354664835717,1.1359018082281709,0.016445113,881.024841
4940836785688141184,0.634462455534371,0.0143241631130629,11.728073591807796,0.010112862133626,3.157286668765437,0.011367817,316.869629
4941617232785238528,0.8302050660931758,0.0145803529275551,15.307088249751857,0.0102094705926871,1.2921566447641568,0.022887757,778.837769
4942630879426451968,0.6049238781637197,0.0143310324555174,13.926791759978633,0.0101006694740681,1.039729419483532,0.014081655,962.116455
4942632215159928064,1.20583620152888,0.0143755747338548,15.44857397580214,0.0100567552641632,1.9940601159826028,0.02664353,502.097321
4943054019604777216,0.6508168773816402,0.0142624700026647,12.157662557516016,0.0100725817200411,2.2759997113566786,0.010730375,439.434723
4943157236259224704,0.8353026367694364,0.0143767893923989,14.180941775813762,0.010125396364661,2.3010486340934775,0.01585595,436.024445
4943610200689761792,1.5569576253577764,0.0146860132892532,15.517366444085438,0.0101293127537145,2.313399463541436,0.024257142,432.743866
4944424938805675136,0.8295087180007706,0.0144753808583656,14.011324855938518,0.0102046868304994,1.518315143937528,0.014202433,658.42218
4944557464316631808,0.9618047150381176,0.0144796057078359,14.093756389019548,0.0101922313914352,2.456000648779213,0.013757499,407.016754
4944832857619650816,1.805898335541375,0.0165092745815754,16.830326202765487,0.0100849835035256,2.8846602943599735,0.04931036,349.020935
4944897453927818624,0.6343185160782333,0.0145242654499528,13.036442315219675,0.0102429591342604,1.4936379348469568,0.012918394,668.834045
4945331005106510592,0.9338315636168244,0.0149831938347352,15.364617040420518,0.0104221277437654,1.4363294699715057,0.023220992,699.8526
4945465557841976704,0.7415757867338377,0.0146503246982519,14.785843844389827,0.0102639940408169,1.1707296053027798,0.021526765,848.40094
4945768713813628416,1.8325635800607896,0.0159890568142679,16.479758674740832,0.0100328318736135,4.762699073121501,0.042331494,210.339294
4946212572913918464,0.8165049084379703,0.0145779619714588,14.904166047839126,0.0101954240071496,1.5494880245315763,0.020656714,647.484436
4946842730515465344,0.8153769805174192,0.0145975690408803,15.30073988529841,0.0101749818015358,1.0357259583021956,0.022358604,971.846436
4947210551514734592,1.7518939268383746,0.0144386280596661,14.923946080570165,0.0100380557239002,4.468128585131943,0.021102956,223.590836
4947719694117776000,0.7768638631784351,0.0145522649779042,14.42555270834815,0.0101892038938853,1.3779303637018852,0.015412989,726.790161
4948447948772642944,0.8093290901134634,0.014716562301161,15.181408641887463,0.0102628164780521,1.2202444099727592,0.021653444,824.728577
4948448258010287360,0.6718539747989772,0.0145374753964781,13.56842529810265,0.010236636254871,1.7268765067488148,0.011556349,579.276672
4948538658481837824,2.108449860642073,0.0152251106245156,15.973097707134611,0.0101120074736881,4.24532169235055,0.030745972,235.589233
4948806045966264960,0.9005022296246006,0.0147179436832904,15.100079373302204,0.0102902739386144,1.4253716889139043,0.020462379,703.367493
4948825424858723328,0.7689141427430979,0.0147171629438125,14.368285638315504,0.0103419427187335,1.503960751442847,0.016003817,663.428955
4949407753704424832,0.7314921102830757,0.0145466743143294,15.07484082085556,0.0101856193427291,1.0768845480588571,0.02160174,939.309021
4949462694925865856,1.070160502669485,0.0143267314453663,14.59208810074146,0.0100715562365496,2.605630563051711,0.016145222,383.688232
4949503720453600000,0.6443324679979047,0.0143476566108122,13.008539143463311,0.0101247363987931,1.81666442766306,0.010790692,551.168762
4949577319013175552,2.2729714426878873,0.0175881846072947,17.059113610849256,0.0101093969501287,2.887756076180971,0.053889804,344.101379
4949773891076643584,1.7718343482624963,0.0141849849350347,13.967284970409464,0.0100078773976269,7.209859725746994,0.013548945,138.687851
4950241561475175680,0.7128093941284529,0.0145052528095094,15.216417537451209,0.0101528244053934,1.0318763471299384,0.022370603,969.474609
4950252522231632256,1.014507573575112,0.0146223247498541,15.226116284626544,0.0102224298118913,1.2213792943173842,0.020449238,819.859802
4950503657559363072,0.986809533768097,0.0145921806702422,14.98211724974099,0.010236082576927,1.411143351410946,0.020567952,709.946106
4951774418123511808,1.1059840084296362,0.0147181347111391,14.634786154118604,0.0103176698373546,2.783219112421467,0.018277105,359.752319
4952273630762051328,0.7558680594137908,0.01487241228459,14.351782247887364,0.0104402918757875,1.2917850549255614,0.015892282,774.348694
4952423988977271040,0.6316922818517741,0.0144655480432591,11.269453352012226,0.0102091626124883,3.623694169114816,0.015157329,276.445648
4952907018178827136,1.1341167362946345,0.014577805350881,15.279332467158511,0.0101500605989376,2.348649298498617,0.024680248,425.912048
4953684235460892544,0.6290165822417207,0.0148486187907011,12.995346352030792,0.0104513072582858,2.3118399916144026,0.0145919705,432.341156
4955752073235942400,0.7383596175569268,0.0146505533314581,15.167332419497374,0.0102567215676446,1.0395240984285512,0.022411201,961.891479
4955973487389277696,0.714326738452959,0.0142517382730218,12.209554749732169,0.0100650102104851,2.2250032161891404,0.011562747,449.106354
4956167241953702784,0.731073587580721,0.0146441782741647,14.949695444554932,0.0102624111817251,1.0275741889015877,0.02083978,976.848938
4956632541531362944,1.3648416048595735,0.0147327336661768,15.4992555235695,0.010089614018772,2.6531155922841125,0.024818823,376.840424
4956761351893900800,2.257649367001852,0.0173551739339456,17.001632134538646,0.0100917739041106,3.6331228059342977,0.05752786,276.336487
4957450131505607168,0.8756157479831632,0.01454186248953,15.146138407163962,0.0101792581632848,1.3978947217224558,0.022916412,718.941284
4957687797815596160,0.8967907200476417,0.0146072489593055,14.790352591083751,0.0102356826381581,1.078947025600006,0.019453766,928.180603
4958102451138218752,0.6151689190597791,0.0144002620067348,12.805772298155365,0.0101613567783065,1.825258483778632,0.013911583,547.624451
4958392344251053312,0.6132994788590456,0.0143533374923673,14.173699207796098,0.0101037784356129,1.1564255243684507,0.015782405,864.794373
4958413716008209280,0.8332897759031589,0.0145601162147939,15.14471598834768,0.0102288992416082,1.269133993976187,0.025661778,790.661804
4958916330261040512,0.6754965871797683,0.0144674843530905,14.154161517638832,0.0101877913621804,1.1880317084208631,0.015855087,843.511353
4960040237303151616,0.8106472342137843,0.0143760457345068,12.686542779163869,0.0101469041416095,2.981013554795606,0.011721249,335.520111
4960379367920731008,0.8917309602060731,0.014396653607187,14.57245584407407,0.0101385062341667,1.819202132888574,0.018038314,551.56012
4960574050198554496,0.7593606780199978,0.014406316505974,13.752378348566047,0.0101598940830847,1.576464276797577,0.013992325,633.98761
4960589099764113152,0.7001795533357272,0.0144245491133056,13.343452180585688,0.0101743471025696,1.632975122104838,0.013280673,612.281738
4960626861116642304,0.6100718157388282,0.0144393530438269,13.52626990706522,0.0101779983728937,1.4369818910830623,0.012744462,695.033081
4960669742070043520,1.8954372705774785,0.0157952209490728,16.78416602296763,0.0100584207206656,4.767568990493094,0.04769471,209.873642
4960682867490159104,2.3336978958717367,0.015651239191557,16.783432776859076,0.0100165544377126,5.198106709123473,0.050947193,192.348724
4960898681006275712,0.6890254456809828,0.0144942827933759,14.542924095986187,0.0101971176565659,1.2442892770562417,0.01832041,802.03717
4960976368374738816,0.7513811195515215,0.0143945096403744,14.973693405148062,0.0101135625658171,1.164250442881219,0.021214668,859.837097
4961384665145973120,1.9878513592844824,0.016344965030351,16.83132865006164,0.0100681104922862,3.9352897172381383,0.051968567,255.129044
4961822305133986304,1.9706734174868497,0.0149645849442149,16.267073599024513,0.0100265996904352,4.861779304027911,0.041103,205.566574
4961933184009141376,0.8817748694242419,0.0143435891479673,15.221465353452125,0.0100759419192142,1.113855542169945,0.023567917,895.426147
4962485138846918528,1.1265876903406071,0.0142767953803282,14.864550902369828,0.0100595633637279,2.2479571368820137,0.021918524,446.255463
4962806677278112512,0.8453578286615663,0.0143990903703692,15.329127934174275,0.0100825312244561,1.204190088874618,0.026535261,833.363708
4962966205246805760,0.7286302694693467,0.0142528400909524,12.289135386468072,0.0100639587555216,2.9927921200808907,0.012119845,333.964691
4963465834498761984,0.7004642025301177,0.0143053494188326,13.542924007981266,0.0100899750849422,1.7763709176459728,0.0120251775,563.539307
4963988068162617088,1.3268549742056304,0.0144381904194919,15.225654941036908,0.0100729688669429,2.754137282798825,0.025070572,363.168457
4964225047278612864,0.8888658795519516,0.0141527692216095,10.73460829289707,0.0100043648646715,8.900113637309767,0.014500652,112.37886
4964510370545340416,1.5171095837832993,0.0141894612948321,14.036148783547272,0.0100103727994825,6.037200778293124,0.015030077,165.637909
4964604619307895552,0.79252631173197,0.0142322635909063,13.466413361880202,0.0100441209480001,2.5593920432672475,0.012000271,390.79953
4964730994425582080,0.7256079181117197,0.0145117063435083,14.621263737022147,0.0102016026733366,1.2589167861464845,0.01916268,794.655945
4965910529883937536,0.7725820648770101,0.0145172652783326,14.008306937501114,0.0102205374664005,1.322620723242257,0.013884648,755.877197
4965944992701655936,1.049022897548962,0.0144477176951387,14.912838225583853,0.010114322282084,1.9818047304497304,0.020707369,504.588074
4965950490259784832,0.8551440439238549,0.0147978364394728,14.526420054856956,0.0103819649664961,1.2087918720581652,0.018831747,827.314392
4966029655096948352,1.1710678449664955,0.0150642786568797,15.470160117865772,0.0104380821648281,1.7010192227266636,0.027345795,588.869202
4966388233326647168,0.8265202359228694,0.0145921507667194,14.61307583690834,0.0102462243774022,1.6447577603798211,0.019860635,608.459351
4966992105728542592,0.8280427360299345,0.0146583810315044,13.356951409752105,0.0103274492142658,3.022930853782911,0.011574705,330.928619
4967397413203552768,0.9221619391514018,0.0147923053905554,14.683612062930886,0.0103848910203071,1.509548444365334,0.01893002,664.192749
4967919784304479488,0.7083717066463184,0.0144334659174811,14.060727785820692,0.0101765773796853,1.4593614402701007,0.015374627,685.778625
4968346566615214464,2.374502935564847,0.0152052731958147,16.348669479807906,0.0100125123190248,7.879680223462527,0.039714724,127.072266
4968410819325904640,2.113363107266889,0.0148918904285816,16.141773979742315,0.0100310511503187,5.529722098851593,0.041259386,180.969162
4968975796503127296,0.6556971974004917,0.0142847776302646,13.35095945701934,0.0100819786486667,1.2694240055964707,0.012359373,787.330872
4969179515392185344,0.6564245836891092,0.0146760460504173,13.01044827489275,0.0103423242264956,1.5753264271509957,0.014113236,634.333984
4970771711308105216,0.6844053328551403,0.0146336128979057,14.573720352597352,0.0102782810654681,1.1193010268452768,0.021229351,897.65332
4971121012408980608,0.8636778092292514,0.0143896474611184,14.502435792934332,0.0101073828248314,1.8173456651280513,0.019371668,550.439819
4971458218880122880,1.102244107885063,0.0141623180003115,11.175091207315532,0.0100055363195503,10.535328412747653,0.017302575,94.9461365
4971727255631410432,0.94257653678112,0.0147722432093346,15.297141449201703,0.0102269423530604,1.3479862138003522,0.031058546,742.388672
4973386040722654592,1.484933676206086,0.0155403146376254,16.646647911686685,0.0101037426343154,1.565664997143877,0.046141196,640.257935
4981626021378444928,1.4488400000000006,0.0141508651935497,11.167117,0.0100023711326045,20.561041625947016,0.016315851,48.6399994
4984006395333248128,1.3469617650881602,0.0144337991037523,15.138323229187794,0.0101295256473886,2.455275031261285,0.023213124,406.983368
4984135828467403392,0.7467241386868023,0.0144627511616762,14.830286371486409,0.0101846737475968,1.155019195265215,0.018501503,864.761169
4984165446561810432,1.271584134289863,0.0143924883106199,14.669121024103394,0.0101326004980695,3.192659813563896,0.018428613,312.945312
4984188364507386880,0.8703712241129251,0.0146338139383721,15.229096089164884,0.0102420114873622,1.2850669123442129,0.026433611,783.377991
4984254610083739264,1.0127616747016337,0.0145996196222501,15.443864385810144,0.0102224133055352,1.2294110251651855,0.027885845,815.614319
4985649306224137472,0.613439180555271,0.0141643869036826,9.6023260592206,0.0100137893080487,7.423186122630596,0.018720787,134.715454
4987602004514223744,0.9929978192555284,0.0142489017153675,13.414762416204873,0.0100591192964593,3.3928976460743043,0.01341181,294.582153
4988647227754930560,0.7186565113647654,0.0142829742305352,14.555550969653268,0.0100565047402174,1.336177987623661,0.02124559,751.593872
4992951403460178304,0.6462841156388702,0.0142240049245945,11.894805845615178,0.0100467581857218,2.458404898799536,0.01669071,407.677277
4996530691765842176,2.3569050842447754,0.0143689911298018,14.775457749319925,0.0100063911049655,12.58663245372552,0.022354705,79.4018173
4999640007570281984,1.551938027111734,0.0141966221436119,13.8581461898091,0.0100021525257675,13.362769692571632,0.016843282,74.8464966
5008299726791871360,0.6501360320384535,0.014553894725712,14.075921993410027,0.010250969025034,1.2139012286076296,0.017204707,822.171021
5008389371349254016,0.931666642358874,0.0144082414539211,15.071221660583904,0.0101321247150189,1.312794274770552,0.024768652,763.061829
5008705480942779520,0.7773530456607345,0.0145130225752362,14.09315738505162,0.0102247496167219,1.3903371142233698,0.016114876,718.599609
5009109070428663168,0.6722311226806673,0.0143772272996507,14.42749588085968,0.0101279764266727,1.0927049802251072,0.01912152,918.294312
5009203387911189120,0.7830663666025248,0.01449804616523,15.16236342433267,0.0101966984238908,1.137261055257119,0.027037814,889.984497
5009300316732349568,0.7619804203796016,0.0145704358911732,14.923983414478222,0.010239955508822,1.228989890454551,0.020776467,815.675903
5009444009158333440,0.9378320955795956,0.0142985970499734,14.384762993734386,0.0100829263346204,2.1503748492136876,0.018520799,465.027039
5009586670792547072,0.8775457242482073,0.0144457120000742,15.0875576765904,0.0101506460079062,1.3108148259257495,0.026073758,765.367065
5009618075593399808,1.0203960136133825,0.0141864219071118,13.50723489041394,0.0100193683854478,3.292781166013762,0.013800966,304.253326
5009738948856171008,2.6222508548780956,0.0190293274062329,16.905187783290113,0.0100202360214203,9.702537977164871,0.056860078,102.995323
5009778776088995456,0.7510333060231739,0.0142510102976237,13.750119451458314,0.0100606228383757,2.153547140041261,0.014247988,464.851562
5009825196095578112,0.9253242224113296,0.0143246487552939,14.76401677598678,0.0100932232545987,1.8737662459199016,0.021014784,534.123474
5010643232747024768,0.8383329669121132,0.0145070545109102,14.744932227345418,0.0101898886065804,1.5424109820124792,0.021251911,648.255249
5011166737720498432,0.9137849354212656,0.0142375253545131,13.999185210768472,0.0100434482474883,2.114352990541152,0.015879976,473.437012
5011562836784312448,0.913090601354958,0.014423646626719,15.03199862583308,0.010118819582616,1.5058928137763372,0.02621228,661.325317
5012788551730921600,0.7631799728175709,0.0143496018121504,14.46331368899047,0.0100857729132499,1.544494745879474,0.019633655,648.37854
5013268832154420224,0.7943767274517278,0.014568760597317,15.315811912734654,0.0102024423996903,1.1352479623781897,0.02863981,886.532959
5013442486271759488,0.9714789505022644,0.0144410541898561,14.861837791637498,0.0101358034397182,1.4785764571430713,0.023897564,678.612793
5013458738428072960,0.90729695798768,0.0144850671456991,14.505484457269445,0.0101962267393289,1.6906715614224876,0.02071035,593.625488
50135226263009280,1.9619530000000012,0.0142259646630802,14.590434,0.010004460255735,17.285023351118937,0.024123177,57.8581352
5013593359883316992,0.7026826657127472,0.0143275693785911,13.016305693092876,0.010108801199896,2.495417899220998,0.012954072,400.56781
5013769384822604288,0.6817471240812862,0.0143333523290446,12.754212258838097,0.0100624052949685,1.2176949835902633,0.013946549,819.900879
5013769384822604416,0.6807214688275288,0.0142423815291725,13.21036845981821,0.0100540105739651,1.206965747896984,0.012874071,829.532654
5014208875939831168,1.0418730551106847,0.0144550838245781,14.859280451531063,0.0101565859777728,1.7222567079753168,0.024512423,581.835754
5014438678166294144,0.7311318562227644,0.0144364688841896,14.468952843970367,0.0101484539064465,1.1363231987975615,0.021291694,882.18158
5014556325910431360,1.8388501134379664,0.0142443805165059,14.180894625914178,0.0100055386465216,8.541458793052087,0.021628976,117.09967
5014556325910431360,1.8388501134379664,0.0142443805165059,14.180894625914178,0.0100055386465216,8.541458793052087,0.021628976,117.09967
5014733450361984512,0.9866610701861184,0.0145662302868248,15.203797159508106,0.010212426071547,1.5734765939387605,0.0279953,634.731934
5015350791781464576,0.9869331816304466,0.0146257438920097,15.22837582277584,0.0102583378664243,1.7050258059282375,0.027470028,590.119263
5015563512921784832,0.660387869571846,0.0144941956496157,13.77481039005372,0.0102170612906511,1.207427255737558,0.016858345,829.376526
5016158761029263360,2.0406844999999993,0.0141793613453941,13.107732,0.0100019459214907,15.514841574568727,0.014386964,64.4555969
5016228923614503040,2.2157305995931833,0.0656568025629986,19.117114520772457,0.0136395874182355,2.0443759369931698,0.25011402,546.11554
5016303827844113408,1.5117453415142872,0.0144589425123425,15.426668543474022,0.0100975420953173,3.380236314880164,0.031570766,296.339508
5016346365200611072,1.01478495897511,0.0151819615897162,15.901546841722425,0.0104008717560945,1.0285417824691456,0.037408747,983.453491
5016364232264559360,0.8674765527807484,0.014540351954437,14.27406216984022,0.0102146721183874,1.6761138233695942,0.019904744,595.73584
5016388524599553920,0.7628811051351921,0.0148047568154791,14.866423840076674,0.0103843446531366,1.3963721034929,0.024584858,722.723206
5016681647527881472,0.7434433439137889,0.0146802117398138,14.870989642489054,0.0103123175406233,1.1894144066450048,0.026641835,845.732361
5016891585529029504,2.4438517347583666,0.0148145638754625,16.02845171361829,0.0100237011617625,6.7318932894895696,0.044141732,148.460617
5016914606553852928,1.168720665489061,0.0144482015085262,15.432833322205497,0.0101257636896863,1.8578890302317657,0.03353178,539.635376
5016991709806731776,1.8495415493120224,0.0142495141842916,14.666048899291008,0.0100040012554529,9.568901189865077,0.022297626,104.448303
5017003357758034560,0.6728134977201358,0.0144760859576778,14.243946115499243,0.0101899911835994,1.205763296246485,0.0184399,829.975708
5017072833148557312,0.9280504525336292,0.0146262568703564,15.380984719247056,0.0102204224197007,1.0493806154211835,0.029134693,954.719238
5017118497240824704,1.4180115238068212,0.0143232469975572,15.03816038809584,0.0100692135081335,2.486540245744742,0.023236414,402.824188
5017616988326010112,0.7117800473448679,0.0143772786848054,12.671333809576517,0.0101461202528293,1.8363092947158728,0.013446804,545.914612
5017922755638074624,0.700187152073755,0.0143576047166039,12.81909422030555,0.0101340277709864,2.777084967675324,0.014079533,360.141602
5018177601816640896,1.818395412650134,0.0157709147528675,16.8578498488643,0.0102597848693655,2.8603591667856887,0.05704046,350.071228
5018188390774818816,0.8429310065983162,0.0144282886298372,14.71143624141906,0.0101454477609462,1.5283663221350885,0.025847808,652.44458
5018333663748864768,1.0158462575598284,0.0145640629623802,15.354271287444805,0.0101968893661599,1.8005256009186057,0.026429122,558.559875
5018576655818257664,0.904015861708556,0.0144596590223886,14.25953762200496,0.0101879628420962,1.9356628341010889,0.016646665,517.731323
5018588372489087232,0.8593849585757637,0.0144731215087257,14.552917752581786,0.0101870798406916,1.9299639116192215,0.019651946,519.350159
5018607029827073792,1.2251816210302315,0.0146495939076517,15.38980660894153,0.0102115566898687,1.8807969646909828,0.03201914,533.774414
5018636952862203776,0.5950832180320996,0.0143836701482772,12.35565940805648,0.010153195739955,1.7385672399407228,0.016795058,576.006958
5018828581419622784,2.2190505974121075,0.0161080808772344,16.47340918488657,0.0101368505427143,4.023213121362858,0.04599987,249.160263
5018856344087561856,0.6416097159050597,0.0145403789689408,13.851332706656397,0.0102370745600467,1.3788352987835932,0.0151504995,725.693237
5018994951272286208,0.7069004173011022,0.014455773671728,14.211561271793148,0.0101854060534897,1.248200180540335,0.01883737,801.73938
5019862809543686400,0.6764690710878208,0.0146127381803939,13.79230783556487,0.0102917938766143,1.0937741128490226,0.017344333,917.183594
5019863393659239808,1.1018941342026811,0.01474677539534,14.42773496582546,0.0103420614970198,2.560411197577978,0.021954477,390.51236
5020056873345934720,2.421962681672048,0.0164489438008317,16.59096342576089,0.0100821945849331,5.480595870587084,0.058910444,182.070709
5020226369935239680,0.8045766246458315,0.0141565658310257,10.893288960885137,0.0100044882687643,8.002585870245833,0.015553518,125.00032
5020337077012460928,2.0915364895222774,0.0173613043871379,16.77530445577016,0.0102025200427522,4.143425110190619,0.060173765,242.311722
5020616971441236352,0.6883925467251496,0.0145932574655002,11.211527739385335,0.0102887209792176,2.9169670838536352,0.020758247,343.129669
5020842577483274624,1.1512617171115551,0.0146199285318848,14.55816657700004,0.0102696964681608,3.101749607576806,0.020382157,323.114502
5021002522065489664,0.6346660373316213,0.0148942739751239,14.037286085846608,0.0104716468327581,1.27715599533392,0.016163014,780.856567
5021119310816425088,0.6751661989607579,0.0150750338124761,14.503019397046096,0.0105677561949364,1.1040131351754936,0.022264281,905.374756
5021613919251491840,1.0303349899289227,0.014539003587526,15.456212145409005,0.0102041778513826,1.4743081189318077,0.029566135,679.449951
5021615602878670848,1.117370092443961,0.0145114225490001,15.3913474937973,0.0101877969530061,1.5475412367752257,0.031182628,648.286804
5021842995626489984,0.7881279039834863,0.0147453255000777,15.268470743929711,0.0103326771764372,0.970364698245038,0.03140502,1038.49109
5021850898366283136,2.312947375342301,0.0166081297554202,16.844323571779842,0.0100945045849471,4.03452358045728,0.0615347,247.843658
5021859316502203520,1.8799210732991656,0.0144111099935838,15.616581471750708,0.0100665973199992,4.442360962858431,0.036067728,225.187286
5022503046199810176,0.7697090920761485,0.0144758766917026,14.433255577840388,0.0101772061922561,1.3683101361943093,0.020552428,735.234314
5022619697511601792,0.5804066000635448,0.0144443429202533,13.603838686319945,0.0101824720422287,1.1619500163684826,0.014691995,860.304871
5022739509919449344,1.097253934761982,0.0142991256857989,13.62728122887943,0.0100836574978978,4.393738195283738,0.015610689,227.636215
5023339224792675968,1.073566914927458,0.0142817292277529,14.558760665563591,0.0100629116445411,2.432062235062011,0.02334345,410.985321
5024055694057363328,1.0201807337823925,0.014408709547253,13.90586288850922,0.0101460790655055,3.290703563961976,0.01659762,303.440247
5024336962875378560,0.6580020505887095,0.0149072072715368,13.46358176734744,0.0104753031877275,1.044977717325639,0.015611028,960.423523
5024446776599178112,0.6522334519486823,0.0146917530236412,13.253722940889856,0.0103438487919866,1.629292203401377,0.014186764,613.161987
5024564355623853056,0.8586293069516764,0.0147856623530507,15.113184063401633,0.010328495569502,1.1181574469406237,0.028673366,894.708496
5024640977840398848,0.7964382632674207,0.0141674761220363,11.341043534426138,0.0100090390613362,7.369162427894699,0.025806028,135.745514
5024644860490872192,0.7468825176082079,0.0148736860053623,15.144035637755143,0.0103513808000309,1.1908955301632498,0.029504562,849.31958
5024717496977761792,0.8298435198314339,0.0147276307078716,14.939972850234872,0.0103288424913398,1.1049440943355575,0.02628058,904.366943
5024820816711128320,0.6226574487998547,0.0145450185147966,13.123389036569217,0.0102516266806016,1.5583836989071176,0.013035831,640.733215
5025079270663321088,1.1339462261330993,0.0148417665050464,15.412793192297856,0.0103126448155423,2.071437308343729,0.030734185,484.188538
5025184239663940864,0.7499587594052229,0.0143718410346354,15.139598206224507,0.0100840635594647,1.0829716795687585,0.025688887,928.847534
5025642181961059200,0.7705177909925306,0.0142663304067225,11.913750685455469,0.0100737878843662,5.0439009743441785,0.021474017,198.338211
5025973929530547456,1.1380278077060733,0.0147410848248187,15.266317826344045,0.0102530512864148,2.026177989528553,0.031454075,496.494415
5026317114598696960,0.9856759999999998,0.0141465716568348,10.040671,0.0100014730644833,16.7067692910512,0.022279881,59.8633118
5026609309813011456,1.3039171027329235,0.0146859293821933,15.327714105463135,0.0101667871878794,2.2561190584082,0.029333668,444.119965
5026855497338580864,1.9765472082736064,0.0147333824718586,16.10579349231931,0.0100174844524097,5.96817165020405,0.04519368,167.925385
5027025230150237312,0.8703843652190769,0.0142125458478946,11.983338579074704,0.0100375240648029,4.789308018938634,0.015979128,208.744873
5027059525465135360,0.7597481168442072,0.0143228817111281,12.945227379394863,0.0101000100659096,2.7021965992957897,0.015704092,370.194214
5027679684383440128,1.81749806893974,0.0165150203182791,16.72975377334977,0.0100578566272352,4.659605693216434,0.058270488,215.256683
5027781079970846464,0.7824699085822825,0.0143850271337776,14.794557309616032,0.0100942686856614,1.3424497547251402,0.024092637,747.354065
5027854197493884032,0.6785292970198246,0.0142498767346019,13.232491431836907,0.0100559988235908,2.1614248446162643,0.013800864,462.840576
5028258199297710080,0.6302603304354659,0.0142654882369217,12.93228302594088,0.0100744328633369,1.6075903784534635,0.016781908,620.706665
5028902203874014080,0.7109298228932435,0.0143215745060138,14.00031378271857,0.0100974416298829,1.52068131292988,0.018267488,661.247192
5028940755500444800,0.8028863588752081,0.0145960174856233,15.059146419255544,0.0102099342410367,1.1442233641374728,0.031193163,876.994507
5029117811232225536,0.7306911417539426,0.0143513580705022,13.74960580591734,0.0101210826682837,1.1227656016487264,0.016863955,892.018311
5029154438713369600,0.6845050758642807,0.0142418660199753,14.135275379798832,0.0100378753175793,1.3502320132439252,0.022442969,742.272705
5029498482773830272,0.676124611215237,0.0145786154793882,13.94733711198262,0.0102666011229083,1.0689123146260715,0.018659908,939.586792
5029765183062495360,0.7978616765796219,0.0146355245306437,15.153757832497147,0.0102570271184915,1.0691244654069707,0.034921724,943.546448
5029906367227834880,0.8433675729335847,0.0143148473360212,14.739345649018397,0.0100714831227423,1.6139649742565063,0.025047455,622.30188
5030280510418658048,0.7597079589696334,0.0143131699591566,13.28289202815264,0.0100994762156886,2.8724775858006444,0.01461158,348.15274
5030328854570474368,1.057696098135539,0.014480395228093,15.340686402975644,0.0101303622629389,1.3843893696261549,0.031901542,723.034302
5030499588110221312,2.1714719999999996,0.0142783691312195,14.0999365,0.0100078580170209,18.7262157171622,0.018890772,53.3962479
5030791955124429056,0.9655187390496344,0.0147191818321211,15.442069423995552,0.0102438704877016,1.28661120954479,0.034426615,781.778442
5031103872829759616,2.3389264575487796,0.0161360080647616,16.701381191297788,0.0100177022635784,8.988540913394202,0.07362891,111.298347
5031111019655338112,0.6707389701722267,0.0144495389919613,14.09922058345251,0.0101843014320536,1.2292070802682784,0.02307112,807.454712
5031294981694212992,0.8222764195981007,0.0147992013476338,15.341490227755209,0.0103271762135797,1.0809112947164938,0.03272862,926.77655
5031328482439155968,0.7107478785656814,0.0146745275587611,15.199171574305865,0.0102276228946069,1.0306844099646573,0.04085007,967.347473
5031352426880303232,0.7105626772425373,0.0144116852686477,14.43630733013163,0.0101388208917823,1.22051689526079,0.02564484,820.031494
5032246334129521280,0.7484143668598143,0.0146529757256209,14.866927129424685,0.0102248617235096,1.2583601198080752,0.030081058,802.117798
5032404492005341568,0.7998531352964112,0.0142540172842637,12.410468793580796,0.0100632770927325,3.5760072206115763,0.018171618,279.553833
5032637416671550336,0.77322255773031,0.0145848759881137,15.192535900845558,0.0101724580212053,1.056116592112331,0.031051233,955.17688
5032638962859791872,2.069203911009498,0.0160759094428933,16.517064773090787,0.0100624917374599,5.745002693241021,0.06894202,174.209488
5032913909486854784,0.6701494952192912,0.0143067570682355,13.112665028397144,0.0100999185332081,1.6200235155512464,0.017680755,619.903625
5033064267701908736,0.8164401329370914,0.0144852844827288,13.98674011716069,0.0101295231098971,1.6477056385436202,0.022043988,605.311096
5033098180763728768,0.6719789958080679,0.0143900345646473,13.243047565841565,0.010144276428902,1.221051964192324,0.016018834,815.717529
5033100345427253504,0.961209736016358,0.0144526400554908,15.287274529580886,0.0101273316925018,1.4861830710505244,0.03511689,677.125
5033333510611903104,1.9578002345568115,0.0162529419930542,16.584754888778022,0.0100922062607534,5.372148718835534,0.059115775,186.406769
5033492664919318400,0.711729839071326,0.0145199889167114,15.024046782148368,0.01015325003132,1.1031854055081012,0.028900877,921.984863
5033683808144101504,1.1623078326473804,0.0233519623815321,17.64891559554185,0.0101728565283238,0.8708793997678901,0.11269264,1402.65027
5033861447991218432,0.6903542874936908,0.0142171474520663,13.032235713880198,0.0100353298791511,2.115383866213531,0.015502224,472.484619
5033893849224559744,0.8635805212679937,0.0143364454911844,14.421664458306164,0.010089183144748,1.9741144461821705,0.026435414,507.961334
5034270638115776256,1.646628181511376,0.014632345816009,15.621631407294132,0.0100298011542796,3.059984595009539,0.04300386,326.964722
5034403438505267584,0.7739955304897799,0.0142547476037402,14.028296931129384,0.0100600006362828,1.736107575838183,0.01941515,576.028259
5034416735723964800,1.6408259999999988,0.014656165863067,15.309761,0.0100201465122698,22.370046775041185,0.03733048,44.7034187
5034418384991424896,0.9459955376418776,0.0143477694695307,15.38789353317056,0.0100751030781361,1.4402904998883876,0.040394057,697.191406
5034748410277734400,1.2351325274542244,0.0142311319704078,14.076200060923446,0.0100394008697899,2.697575964357296,0.025018435,371.576538
5034796273393322880,0.9011052126368024,0.014213755864309,13.71479950549743,0.010023469922828,2.2517794750135027,0.017380076,445.052582
5035279714912447872,0.608610725080127,0.0144061095747216,13.182216583748716,0.0101601947270398,1.199647129806046,0.014060464,834.455139
5035610633552304768,0.9666194557363896,0.0142837019102031,14.784918589772424,0.0100571638111538,2.2020437995283553,0.025120605,456.190521
5036086034892281344,1.3449122676085552,0.0142421303383559,14.476591172259443,0.010017560247224,3.253127836585501,0.021350848,307.361572
5036143553094373504,0.7175957940654215,0.0142266392701755,11.2764951271613,0.0100502599572963,4.10778507530853,0.019241422,243.352509
5036177363076700928,1.0797035731993447,0.0145763315607848,15.181556965506738,0.0100676243128285,1.795343805002332,0.027416578,560.375
5036357786062918528,1.1175449281756928,0.0142352748385199,14.13247576956567,0.0100368885105537,3.699244244074304,0.018195078,270.511169
5036553052456200576,1.050986500302447,0.0145393101984614,15.770040519948264,0.0101105033910763,1.3243527933244903,0.040694054,761.126282
5036694580218375808,2.1235874749940873,0.0186981415717511,16.814609575715096,0.0100771945363731,4.049803023428022,0.06482236,248.131226
5037053605124582272,0.6378637577913051,0.0143280562809511,13.583053467063776,0.0101030356270484,1.300960319286066,0.017624974,766.36853
5037692180862403328,0.6450107928066191,0.0143035071167494,13.690026187710464,0.0100819677105908,1.4934196125961423,0.019148156,671.874329
5038791417612479872,0.7238123359022174,0.0142305342433221,13.898105133236925,0.0100442296125692,1.8891542405592217,0.016429964,530.731628
5038827117380532992,0.6226690310765556,0.0142671615168844,13.838132705858117,0.0100611181459932,1.2101756505461496,0.019950392,828.266113
5039706211286331904,1.0792159268165644,0.0143688964579373,14.955449078107188,0.0100943443679961,2.226120295536352,0.026342181,450.940796
5039837431127159680,1.8662115067326464,0.0154194904713773,16.568260699302805,0.0101012586785815,2.766811270371053,0.06210432,361.798981
5040587263697577600,0.920352252877602,0.014514909836705,15.25735592862089,0.0101033129796295,1.2770853087343716,0.030487766,788.553223
5040596850064598400,0.7545381741104201,0.0143013783372869,14.412597204293272,0.0100743419865171,1.5170301425663717,0.020923851,658.622314
5040713741894481792,0.6354264297218427,0.0143677453009896,13.930964438379016,0.010132241705638,1.099559259306975,0.019533662,906.452148
5040802390019465984,1.9609216780807843,0.0145947019946703,15.220146181611964,0.0100602071510917,5.207851874950806,0.03299551,191.789948
5041205326671430784,1.4328182551791862,0.0143283248468822,15.088720397908904,0.0100556919841604,2.6776054722371927,0.031217504,372.995758
5041551844632824320,0.9184815339453408,0.0142946122372324,14.305002026108651,0.010063146854479,1.9440782202608056,0.020403676,513.291077
5041708937356663168,0.6368551941923398,0.0143009712749676,13.655176562270595,0.0100805438817323,1.4891009575601073,0.020503782,672.991272
5041796692128529536,0.9551706622652169,0.0144760339048287,15.365140715562363,0.0100926164093133,1.1301454280537768,0.03242447,881.931274
5042164959804198528,1.2754225414043197,0.0143574376619853,15.093254683215518,0.0100576761152492,2.5965634543784706,0.025983142,385.539551
5042195505611654656,0.7937068708293565,0.0142415244818594,13.481066323448818,0.010051852259705,2.524872256568702,0.01632737,396.254364
5042200659572406400,0.6486302619394524,0.0142887759923983,13.268933008886751,0.0100827330199137,1.509512855940863,0.015388851,661.788391
5042397781391667072,0.7536312052842802,0.0141923298973732,12.942634060458344,0.010025046340655,3.0333016021714214,0.016879786,329.877655
5043411393673301760,1.959490449169586,0.0153068971004731,16.230434838728343,0.0100719623501684,4.515662326372581,0.04925366,221.187592
5043455958253958784,1.1859026754207165,0.0143013649585128,14.55960954941149,0.0100477673164919,2.2762746487832057,0.027424283,437.887451
5043455958253958784,1.1859026754207165,0.0143013649585128,14.55960954941149,0.0100477673164919,2.2762746487832057,0.027424283,437.887451
5043486813299250048,0.7637866023188798,0.0142182449891341,13.671859816536552,0.010035175314901,1.7196442765929845,0.01594074,581.856323
5043552474759265536,0.6938333890297538,0.0142753971860077,14.543429651197275,0.0100435781733407,1.1698569891204855,0.022274297,854.731323
5045074198852696064,0.7837934072042226,0.0146745408083342,14.081494947419204,0.0103100883745539,1.477468384886404,0.014643684,678.05426
5045711915596987136,2.039091743760864,0.0183961172716951,16.809757692075838,0.0101423556290555,2.336375734906329,0.05004267,426.492126
5045967139733484672,0.8475186814808028,0.0144495267960248,14.204367781327734,0.010148437451743,1.9160151081179224,0.015154251,521.91748
5046198415132368768,0.7715761221301167,0.0143990126095235,13.25072808319773,0.0101552295400528,2.649566822828022,0.011667321,377.484863
5046341489082965760,0.7094319039878368,0.014605642700965,13.850492976383544,0.0102562712713556,1.7708401312282824,0.015873324,564.989136
5046392238416533120,0.9007135126024575,0.0146252774603451,15.013347228676368,0.0102417632843417,1.5474506201586231,0.02524355,649.230774
5047252571906054528,0.7474192767319221,0.0144327353330611,14.047502170318367,0.0101562968408511,1.7356215076061623,0.0146213425,578.527649
5048597171547141760,0.7360202784908665,0.0149149932532144,15.189202829853013,0.0103770275430796,0.9946386326867064,0.022609895,1009.20447
5048741929125069568,1.1186776896074284,0.0147410334388821,15.495363535351723,0.0102108788150758,1.8505733389348864,0.0270228,541.029602
5049237568350789760,1.242230213364361,0.0148246624193843,15.320527724805036,0.010342727178292,1.8831256337685465,0.023204057,528.734436
5049354460180592640,0.733131905223128,0.0141512863460441,9.846496479954112,0.0100040308757961,7.283387717907926,0.014299655,137.316727
5049512961653362816,0.9042184015716846,0.0148097324049162,14.957244217530407,0.0103874095988766,1.448166264049907,0.020767443,691.396057
5049558557026161920,2.084437000000001,0.0142400525171137,14.53248,0.010005538626736,20.42723888575736,0.017103761,48.9591713
5049670879010980224,0.883514375505583,0.0154690936386865,15.160053944973134,0.0107649147350015,1.16471801241611,0.02954558,860.890991
5049948849294689920,0.6264263749290148,0.0168399741299772,14.16689942329054,0.0117382738909336,1.2320959924986878,0.015769947,810.898865
5050238879846371968,1.1390238718813852,0.0152925576578009,15.38899841383635,0.0105791632817188,1.8072400087767475,0.024789054,552.778809
5050345910431307264,1.1573925524735351,0.014614070840152,15.164099740681886,0.010219246930084,2.141918905554064,0.025259594,468.086761
5050689988852001792,0.8140954855200102,0.014540862945097,14.371262013499486,0.0102263556200314,1.3872991274499855,0.017480556,720.28009
5050836601855182464,1.549149,0.0141658899621043,13.072311,0.0100017881652183,17.40812504193559,0.018434882,57.4346161
5051215795927661952,1.50144812385949,0.0146154373140529,15.469127556235204,0.0101499969542467,2.318957316232217,0.032134376,432.916077
5051359316555026816,0.6145828145462651,0.0143237369461066,13.4594432171356,0.010101485278725,1.2305648344955715,0.012070959,813.192688
5051546989446085760,0.7699986464058991,0.0144688399964838,14.991296000034517,0.010168365662117,1.026202178568494,0.02143025,982.75
5051564890869793408,2.393434742574604,0.0147815303994684,15.584854848405234,0.0100107033228095,7.163293591081399,0.027738608,139.647644
5052179277351742464,1.8975503404298664,0.0152129754744666,16.316364086196526,0.0101178772936372,2.6693702516019018,0.043849133,374.945099
5052384817307290496,0.9920713370873784,0.0142751307418223,13.120948295307365,0.0100776291500138,3.626608477621394,0.012140539,275.824615
5052494287432975360,1.1514701988825342,0.0144131967028016,15.298102802465666,0.0100506583711579,2.0047373220654117,0.026609078,501.111237
5052956563355182592,0.7385312660670282,0.0142696338589868,14.703594057934346,0.0100562959455483,1.130106402744013,0.02105381,888.044128
5052961579876969856,1.0857105385131085,0.0144981421563368,15.1598406728495,0.0101859154740222,1.8619854589879137,0.030612173,536.593506
5053553117130204032,0.8734206058865652,0.0141560384099498,11.30089481366707,0.0100062052444501,7.544185365460826,0.017317431,132.581345
5053857647491390720,0.714601702653103,0.0143007528120846,12.839575134124209,0.0100940653394659,2.632762723117289,0.011441937,379.928467
5054340333095950464,0.5787071576169959,0.0141710499086904,10.813042818062492,0.0100142246358349,4.574837417031879,0.015708048,218.392441
5055086248656148608,0.7431112382330638,0.0143421305987518,13.996226745680117,0.0101122411291032,1.6592419159895009,0.014531843,603.677185
5055724888816355584,0.8026260241836413,0.0141557384987626,11.26550671690289,0.0100071071204981,7.272808047312205,0.017871398,137.512985
5055733105090955520,1.0863371310380356,0.0144537446585737,15.478881659537556,0.0100690602893738,1.7015432455870632,0.028188841,589.819275
5057431472598243968,1.4164687096510726,0.014426852991092,15.482742910205076,0.0100634055808027,2.2429736380891394,0.026892127,446.765991
5057764762060793856,0.7523532979054607,0.0145419082353011,15.217434283407773,0.0101821991730547,1.012234148671047,0.025178531,992.460266
5058094100153710336,0.8924988393221681,0.0143137310870462,15.215314838317653,0.0100544274723102,1.5231068392093712,0.025228996,657.555542
5058238376694368640,1.004930084559435,0.0143327647733187,14.215299628855677,0.0101055402837941,3.066967556969776,0.016214872,326.06131
5061517326530326272,0.7867084844256149,0.0143799787110321,14.05986031044022,0.0101335331056211,1.8584385329959396,0.016531756,538.352051
5062074400966511104,0.7802540553939418,0.0157640885808825,15.167140200256224,0.010931787785559,1.0311053183101808,0.023909047,968.933777
5063685426017685888,0.8384944814267062,0.0147729990741002,14.769187793815185,0.0101406365841611,1.1045458043022365,0.021165404,903.082764
5064084067701692928,1.0333926651746863,0.0148246453843809,14.29707461579377,0.0104075052839894,2.2495348416718355,0.017847849,444.544617
5064156291871695488,0.85673673555348,0.0147928935252602,14.478031250246238,0.0103777352591887,1.5468750188969058,0.019775266,648.365417
5064501057489602688,2.5648649352488566,0.015511095856459,16.639371302448787,0.0100598290984078,4.765298506153569,0.05381325,209.879929
5064575927359428352,0.6886990037620015,0.0141944342154253,11.388711871593747,0.0100311872951238,4.340381131076854,0.02247822,230.328445
5064800193368935680,0.923345778341309,0.0145221804824072,14.343844249664148,0.0102074533661141,1.958094767090344,0.018118132,511.4534
5065050023026994944,0.7385537400230758,0.0145080675061211,12.6430991934097,0.0102283100099777,2.4742115092594172,0.01243576,404.387115
5065439933041362688,1.955515186675632,0.0153974475950275,16.232432780356113,0.0101945319699285,3.961253914591036,0.047231082,253.453552
5065459247510278016,0.9508554124002052,0.0146215807815368,15.004282780590222,0.0102313505666897,1.9636743235892884,0.023751296,510.212555
5065675954380375936,1.017686112886672,0.0142040360770598,12.66713736457042,0.0100329150253698,4.807968890950313,0.013112682,208.056839
5066272714316800128,0.8810061911682138,0.0149733568729634,15.285879636396418,0.0104358166282628,1.1921224422672931,0.04391744,848.755493
5066295907139731584,0.7420164761589875,0.0145560828101594,13.722543858812204,0.0102559633545819,1.2892255541827815,0.015655838,775.619385
5066775740886394112,1.9390952801974872,0.0166786149200142,16.95789385974774,0.0100676750264347,4.212695574738424,0.0604025,237.542892
5066851710267406848,0.7293938754288197,0.014719563951767,15.200881464196945,0.0102346936120314,1.0265146919704853,0.027479595,987.151367
5067203966305377408,1.5244769042205335,0.0141797401535387,13.54141761,0.0100040609148365,8.124304840465877,0.013807103,123.062523
5067677924535762304,0.7474321190331856,0.0144271670967126,14.409472319412068,0.0101467500344932,1.3504279875882672,0.01865109,743.821106
5067796426978383360,2.396313146270889,0.0178163035032088,16.79064118984923,0.0100942934879777,4.5908055609329965,0.06499388,218.727432
5067881437266250752,0.6428885495337827,0.0144363963769938,13.809601732644444,0.0101756875637571,1.1489140642793998,0.016801668,872.443176
5067944693544537856,0.7382755998552283,0.0147663278339224,14.879356492217372,0.0103231469732919,1.092930855564713,0.025450615,918.391052
5068303477932644608,0.981884242160548,0.0148710476304768,15.341060491682017,0.0103079206691065,1.5777424059638805,0.03266651,634.366577
5069293485074766080,1.0644925369442495,0.0147808561468676,15.247030754598091,0.0102668395322335,1.8262499914792163,0.030901045,547.589783
5070054312760787968,0.9778295440225028,0.0145728432835184,14.618998030832335,0.0101857260993869,1.767727340503279,0.026989233,564.529846
5070117259801486720,0.8213420352771722,0.0147225262840821,14.828814186037986,0.0103172581412443,1.508210713075977,0.027943725,667.531799
5070202368873366528,1.87076673117763,0.0175218734324477,16.415021239465258,0.0100557864700191,4.7041207853746165,0.057023812,212.993378
5070544282630069120,0.6709794527902415,0.0149415171328814,14.636294228211865,0.0103708905968614,1.1767308176009283,0.028253615,854.635315
5070734807379540736,0.8992776131007594,0.015488388529067,15.380360895245763,0.0106608822021079,1.119484448211328,0.03635577,904.523743
5070766624497259520,0.7538114007540375,0.0148122591903834,12.628631513789191,0.0104278624331853,2.306232262186007,0.01377352,433.806244
5071018618818209280,0.8889287574907744,0.0155680659886968,15.30245520498843,0.0107441881884175,1.293144107187255,0.034752898,779.934448
5071125095351868160,1.8179121272162289,0.0154100896926742,16.2219895456988,0.010274868766251,3.371634566327215,0.046774857,296.05661
5071553462506413312,1.3834958870901706,0.0150505381226445,15.095592525215846,0.010429072173323,2.0991385786209236,0.029781332,476.622131
5071709112121191040,0.854746825361978,0.0148108696753431,14.435457167580145,0.0103989421555969,1.339360212715619,0.020032177,747.492554
5074525511155523968,1.2133448934138298,0.0149737586441392,15.523162471921331,0.0103701672130143,1.8043239822512471,0.030712498,558.980652
5074647075909928832,0.6785519171077252,0.0145334230825197,14.702867461496355,0.0102194503053743,1.0937830147995629,0.020770805,913.399048
5074765410848960512,1.0318276948379244,0.014598343616523,15.148163920646786,0.010203504839455,1.920843031337374,0.02580069,523.394531
5075645260669227520,0.9185732379366798,0.0150175314829222,15.218763982402036,0.0103532025881111,1.3013029985560618,0.027454432,773.410095
5075731366173660032,2.1116589999999995,0.0141809242025463,13.048332,0.0100035318689934,24.05696007314504,0.011227579,41.5680771
5076548337672997760,0.6223961954889602,0.0147042531182508,13.718761789929273,0.0103427388324913,1.172808189886502,0.01572427,850.716431
5077003294968072704,1.8657881547532595,0.0150421417854634,16.117775574092786,0.0100600069216979,5.532041893009709,0.041629527,180.879807
5077006696582171008,0.8792046666981148,0.0146210641286882,13.363825404418431,0.010268861679968,2.6020297978044566,0.014170449,385.004303
5077009239202809216,2.1307114098828066,0.0183392225543281,16.789275221301533,0.0100719651595259,5.656413253977527,0.059777465,177.273239
5077359154482959232,2.087147999999999,0.0671951465474885,19.08698,0.0102660284023842,18.60148590713451,0.24844833,53.7510757
5077431829625357184,1.0095537970052713,0.0146500153228436,15.452372903964068,0.0101444011862352,1.634432516635822,0.035369623,619.635193
5078221450773948928,2.0382048287127343,0.0159880953523299,16.642844450010525,0.0100904193993896,4.341054774076793,0.050795,230.189072
5078491312157905280,0.6216375540666954,0.014330105321744,11.490599438640732,0.0101047830763557,4.200752848699262,0.021742485,237.989822
5079213278980674560,0.7093888872527578,0.0147771345462697,14.574635668383598,0.0101617696683124,1.032584898256148,0.025209019,976.115173
5079306840548293888,1.882725987530827,0.0144294839286393,15.188188378115791,0.0100052866225736,8.246183618088729,0.029128755,121.283173
5079430810482881920,0.9612673037500788,0.015003712226254,14.942485679561289,0.0103957614179813,1.7107920641073608,0.02634534,585.795349
5080273483068179200,0.7629085651491383,0.0143838316410014,14.70559079153189,0.0101210233647563,1.3167243054472977,0.019659486,761.080261
5080688376908894848,2.0610094559808463,0.0164356137503695,16.726479834791494,0.0100539473120809,3.55524216620531,0.05050729,281.958557
5080792796153744512,0.7092704892283338,0.0145285338636799,14.606442072642023,0.010208116582348,1.1073292263470025,0.020285051,905.366821
5080865741878349824,0.6831116663355236,0.0142681321449992,13.818499942466657,0.0100676319977178,1.4944454438544343,0.016867975,669.536072
5081872310413478016,0.8289932225172851,0.0142272977139366,14.353013023162562,0.0100422802599947,1.7537856447856583,0.016999885,570.748901
5081957350766403584,0.8270493243700039,0.0142077557688173,14.23838331459548,0.0100272282619189,1.847810822059843,0.017105931,541.546936
5081968689480039936,0.7827208877275861,0.014261932917359,15.221421991324616,0.0100381084023464,1.1534980895124174,0.025923472,871.470398
5081971472618895360,0.7125178107287241,0.0141881066172309,13.845324127518069,0.0100194052492196,1.4651438807057873,0.014316648,682.19397
5082445671368294400,0.8369635764623317,0.0144338582659271,13.653463619440146,0.0101818688980243,2.1471407147673007,0.013515408,465.83905
5082594208516850048,2.375508,0.014188227811777,14.227318,0.0100033900583318,19.82559160586197,0.0176805,50.4206276
5082685296183155200,0.7473224212347523,0.0141440352334676,9.305933572286246,0.0100006406511205,8.94977895686728,0.01409512,111.768867
5082736320395065344,1.1824096702504925,0.0146036429598207,15.553091999582662,0.0102263787638057,1.564762176621042,0.028298695,637.806091
5083333179113222912,0.7681223907704106,0.0144028757118083,13.70409687849359,0.0101491358772113,1.9747530109717732,0.014878584,506.452423
5083417605287244928,1.7977564347133423,0.0167743701572828,16.849376116195707,0.01052642414826,1.7879121134313103,0.055363044,563.520691
5083465330964005888,0.853990865011152,0.0142977488434006,14.590262545989829,0.0100835059983061,1.4743103569401603,0.020538177,676.474915
5085518600210019712,0.7244051035432452,0.014239255108746,14.264175682071722,0.0100367068150112,1.437942677483708,0.020395642,694.358337
5086216102899937408,0.6294455845690639,0.0142020079799833,10.752944351634362,0.0100334571439372,4.2807832130564085,0.015657593,233.614319
5086962636933723136,0.6252370193509793,0.0144441291565972,13.62260048975284,0.0101854518836756,1.054126351421386,0.016014406,944.605957
5089372354104509696,1.059335180487343,0.0152744221303238,15.46905321647582,0.0105650638661285,1.491210676366876,0.029803572,670.882141
5089612288157145344,0.8385805931655997,0.014824467293398,14.763835570236465,0.0104111602074556,1.6447771248220218,0.022098798,609.215332
5089972927971228544,0.6804763938892848,0.0150387708471802,14.147655120529407,0.0105695726704181,1.0526653666244143,0.01797018,952.072327
5091058386466417664,1.0496438196978295,0.0147313821298332,14.325065742715708,0.0103452018262856,2.8892369861723117,0.021164274,346.659515
5091151226479416576,1.189245015326461,0.0145554121121129,14.576487581337958,0.0102339281469754,3.204696881796648,0.020749444,312.333069
5093910347830158592,0.90788376390461,0.0147954696267228,13.81435487341583,0.0104049247446879,2.3115353299753583,0.017362425,433.031555
5093915811028548224,0.6885741657966638,0.0143832869761568,14.148880241679338,0.0101290582172669,1.13785569738451,0.018613745,876.845337
5094288064433959424,1.149861008703592,0.0144535703717088,14.433359234545122,0.0100648186757593,3.011818986343043,0.023643836,332.281189
5095064731960410624,0.9480842846105516,0.0187005492966456,14.884142776168824,0.0129289132303288,1.4430647515317832,0.02595756,695.311768
5095103214867335808,0.8093059572066263,0.0171440351449913,14.939646000571498,0.0118926163851883,1.38827843932991,0.024451198,724.541199
5095362115495866496,0.772374676869756,0.0145632128458112,13.691169411743916,0.0102533566638099,1.3466695421763328,0.018175634,744.79071
5095927608069465600,0.6538892159904515,0.014487556072851,13.81390728188006,0.0102027055098027,1.3641201220462804,0.017623506,734.994507
5095960799576721664,0.8307183301944605,0.0146295423628415,14.550594529112418,0.0102798855526969,1.3043236960448086,0.021333313,767.416687
5096181629615346560,0.7008087128222547,0.0143560481427859,13.017341746771814,0.0101274828213078,2.580797283204636,0.015552385,388.194
5097005713580672640,0.7447048393349337,0.0145498416339248,15.165274866187078,0.0101463526819499,1.0938614120153731,0.029503025,923.785645
5097201770247852032,0.919680114488504,0.0145298253481757,13.655617262303704,0.0102285638094129,3.023466557028615,0.01398934,330.956268
5097380921923830656,0.8643441509987729,0.0145532521733584,14.960451729147778,0.0101840717524199,1.4906998694739486,0.023777734,672.613281
5097820554776391168,2.553811837518796,0.0264614347246875,17.070135418407574,0.0100322313619777,7.404568102386829,0.06880675,135.322464
5097938546117783552,0.6879417727958625,0.0150712361899808,15.28220311316207,0.0104931419263168,0.9524050574666112,0.036814254,1070.16614
5098172639016056832,2.088885841530217,0.0145539588559986,15.619479175465711,0.010058687311957,4.385918902898295,0.043738317,228.342789
5101329474337872896,0.7982779822029962,0.0152441839133643,14.116566300140835,0.010698347157723,1.7591229245392712,0.019573506,569.543213
5101486154743442560,0.9544084500991722,0.0145038371053479,13.835145121375902,0.0101966902059585,2.85129898326236,0.016772764,350.358887
5102084976263690112,1.818681994807838,0.0199704767338368,16.631634670468237,0.0112601666711656,3.5312632574021396,0.07514762,284.733978
5102889990574250496,2.5872229741631703,0.0227257140579172,16.9866265244909,0.0100664598360693,5.209825655949159,0.07517591,192.267029
5104148725229626240,0.7644362628425755,0.0144075397799216,14.817173243057606,0.0100917471336133,0.9720530208663496,0.024363348,1029.92749
5104658177070479616,0.7299502728877059,0.0149120709618924,14.77538108064988,0.0104274710980923,1.17002273615,0.02217396,862.146362
5104922747055495936,0.9496884341907976,0.0149373659659935,15.191078785899611,0.0103769729691137,1.2448259892755649,0.026251972,805.909485
5105322522611840128,1.464283533862598,0.0141846487829628,12.501841334667288,0.0100049080604609,13.276299641069825,0.01583886,75.3487778
5105801359925419264,0.8198898528222069,0.0148245687927146,14.979964573551385,0.0101997573921889,1.03816179709236,0.028463254,967.711853
5105955733934297344,0.695639975164902,0.0161243359674228,12.009853383547478,0.0112748898325271,3.24334136589131,0.01562726,308.50708
5107221894590383488,0.8710143583303416,0.0210476088824804,13.751418955744889,0.0145339840783783,2.472834510659641,0.01649147,404.292816
5107698945197518848,0.8217246182338798,0.0148841020405012,14.85937454911993,0.0104163995552698,1.1517084618606328,0.025651135,872.862976
5108290345013115264,0.7065476681488989,0.0170039569594518,13.147837097262668,0.0118352870168865,2.0549529237417556,0.018336948,486.498901
5108392359077640064,1.7248494745286875,0.0173216204220381,16.060893952549964,0.0114200569940812,2.804407984980154,0.057732675,357.960876
5108530072907926784,1.732154766808238,0.021721871196346,15.587504694943586,0.0145279924733753,4.14189297303502,0.0382566,241.478149
5108765127877866368,0.9047310105005688,0.0141863663953464,11.599258598752904,0.0100167428222225,6.388911350492228,0.017307859,156.571152
5109270009874855808,0.6886864749556829,0.0157050303711456,13.156543108329378,0.0109842148296547,1.795273494207433,0.017413272,557.127747
5109740772650027520,0.7976792115958098,0.0142608662667121,11.153117341281098,0.0100722639528127,5.701359455158708,0.026815563,175.698914
5110963463940208384,0.6848133193875889,0.0152187574142122,13.836742562946268,0.010674289687417,1.3892561745482082,0.016757352,720.182922
5112404820603453184,0.9379190227531826,0.016030907316127,14.402393394557532,0.0111656105975449,2.4456568943413344,0.024095552,410.223724
5112457425362832000,0.8132470577963106,0.0170332320010969,14.9486196297852,0.0116940431334564,1.2998168374263772,0.030206257,779.191162
5112559095828613504,0.7825355706916605,0.0151878671108705,11.467557521248718,0.0106764363640753,3.8662318463439016,0.016968627,258.793091
5113194991506753280,0.733516797771651,0.0163571836266966,14.665943899374897,0.0113512427702619,1.0687180689684317,0.029293424,941.056458
5114132187730482048,0.6211798385530923,0.0160222674641253,11.792391117720072,0.0112171162813111,2.3567253388040976,0.021125318,424.1763
5114258047452040704,1.5106878989559165,0.0172882810084112,15.303646339651856,0.0107967570887675,1.9887152842099516,0.033730216,501.002136
5114316287208689024,0.7466803458418474,0.0171627789951934,13.517026503315297,0.0119611024685494,1.4392643290796996,0.014817676,696.52063
5114657479411854848,0.6908640682819313,0.0146925069577418,14.93728430478074,0.0102521047419702,1.0657449700129031,0.028607942,944.402832
5115120579964371456,0.7210375641394697,0.0170068759439195,13.87917862253279,0.0118342087117159,1.2584117999901625,0.018611392,794.507141
5115918962845197184,1.778673354513408,0.0196761255557685,16.1805261494215,0.0127965711732367,3.3190405698706935,0.054854132,301.409851
5116180028136801536,2.0094934390141925,0.0145971097993759,15.374354276954472,0.0100549604225418,5.472167136170299,0.03169402,182.561493
5116194356147691648,0.7943947167672086,0.0150137613354316,14.68317357997416,0.0105144434823123,1.2207710230247386,0.025821393,824.349854
5116334475160870784,0.6496741423915564,0.0148840561171723,14.283800906409052,0.0104496207452117,1.0323543192622773,0.021419965,969.653931
5116563242298924672,1.2895144714821567,0.0145401533147105,14.46858036803734,0.0102186094650797,3.198923325459077,0.02387488,312.297119
5116752804975421952,0.9388984806908888,0.0147312375435793,15.289996046646758,0.0102886705639175,1.6302798572885877,0.029140558,617.234253
5116851039467392512,1.2176799888982524,0.0142289454534015,13.667018400098598,0.0100306529464813,4.036754710765692,0.01762029,247.747208
5116963189653412992,0.9487475007691624,0.0148376499001485,15.269086709701863,0.0102057113418779,1.5070740878733673,0.043990064,671.196838
5117524971375861760,0.6133367445796422,0.0147685590876772,13.310898032623095,0.0103937513672009,1.149130488536532,0.015130354,869.518799
5117557097731225600,0.7521736955451221,0.0146238989862227,14.843866878414287,0.0102508221063498,1.219467085656651,0.022436898,821.733948
5118493538040692096,0.7216689760463945,0.0146051042741796,14.717173029299286,0.0102017547799993,1.0478329520652514,0.022832485,960.858887
5118596754694723584,1.0980151079441565,0.0144642557581808,14.91549510936547,0.0100605670341328,2.631650529852997,0.02680657,382.093048
5118607303134386176,0.6456277529478639,0.0143683705091299,13.5968411309343,0.010114174509736,1.074561168334939,0.015517179,927.539917
5119142829721425408,0.6855455855696295,0.0147112438362634,13.09198386202043,0.0103455432305722,1.9339004160634825,0.014027018,517.273987
5119172314672071552,0.7255057296830222,0.0152525442956,13.470889706343597,0.0107048161303393,1.3244498674699103,0.015057306,755.023438
5119279757574031232,0.7262463773319987,0.0146817471626021,14.587710350399384,0.010252164331698,1.1253344472587017,0.022431653,884.169861
5119408572233096192,0.8349774138745155,0.0148116985752275,13.641086069121048,0.0104111513138337,2.1800178739903076,0.01506148,459.061584
5119640122509967744,0.8598383290672184,0.014561452517936,14.908800643181682,0.0101975958966752,1.494769438424095,0.029907854,671.375122
5119803296907502336,1.0007156687401983,0.0148615955944173,15.042831100813595,0.0102812861021914,1.5714177657338997,0.02612696,636.469849
5120220286692531072,1.1594119719817677,0.0145799914837496,14.428269275771465,0.0102045361044595,3.2708837200190524,0.024304695,305.975189
5120541893843508352,0.7726592502793949,0.0154271589706877,14.502944555618503,0.0106636909910847,1.460223081447236,0.02501519,685.112427
5120956581525864832,2.0521087472550317,0.0180538936131416,16.933030362189395,0.0101226055236173,4.8744831433223705,0.068902336,206.348755
5121223969009819648,1.0151732950293189,0.0147338447661099,15.472538563627438,0.0101813585586443,1.357265571408284,0.033897072,740.841125
5121247024394240256,0.7540546027435762,0.0145739435390677,15.324156463837,0.0101754152377035,1.002220264428854,0.03464751,1006.74945
5121793962709637504,0.7347760872194762,0.0385943518679329,16.878784246855737,0.0256242166327137,0.5497574714028852,0.071376085,2045.14868
5122036916124229248,0.6342070251527779,0.0143772532949537,13.669008584371772,0.0101329736550078,1.194022075623317,0.016354302,838.236023
5122231396538826496,0.775783489826764,0.0142868340147138,14.04931906046808,0.0100754914011251,1.3380809810149377,0.018562198,746.438599
5122486483236480640,0.6345831532564428,0.0145556040592832,12.721063256463278,0.0102610427359601,1.589220128790268,0.015905516,628.080078
5122521942486436480,0.9248276648278908,0.0147423526572627,15.241580817310426,0.0102249986745583,1.557051157690235,0.0326605,647.734558
5122586092117917184,0.9442727280841504,0.0143716654352412,14.676122700867785,0.0101113667808141,2.068268878320047,0.025107766,485.173615
5122702468551739264,0.7362282046336395,0.0145931735406338,13.80936641272625,0.0102373816847503,1.7489334958323002,0.017828343,572.21106
5123404369287180416,0.8518055251339616,0.0148909836078364,14.916277684820088,0.0104196289069951,1.235475021481729,0.025394307,809.714905
5123424194856297472,1.1486903889989188,0.0152022512149166,14.929596363002778,0.0105644087384666,2.02726515315011,0.026872976,494.12851
5123470580503063680,0.6192690157739589,0.0153522152960263,14.01525878316139,0.0107465712121034,1.185663556456229,0.017538352,843.658936
5123493670247230464,0.7680214958166572,0.0152680387419354,14.790633247456034,0.0106509887719813,1.2801242820878422,0.033893757,789.702881
5123908701527088256,0.6691463605438468,0.0277947758980849,15.303498081043482,0.0189623061526698,0.6372244755659444,0.030633617,1583.24182
5123980616459563904,1.017097512523805,0.0146184168991487,14.982835773320296,0.0102303341732025,1.6274998260176168,0.023091746,615.793518
5124000132790932224,0.7626609227369807,0.0146960789745074,14.905094859659751,0.0102438228026798,1.15940461245688,0.028235594,860.624451
5124026005673941376,0.7728484941531435,0.0146546552903748,14.501497809653344,0.0102848818666207,1.426805695026924,0.020867182,702.462891
5124068920987116032,1.8413625524562305,0.0163269787419608,16.48370945977716,0.0101936216392721,5.131720785351272,0.057218637,194.629944
5124256868755887232,0.7422246010729141,0.0144116327436299,12.788712148296682,0.0101638668535522,3.052197790933996,0.016958065,328.074951
5124298203521158784,1.9150063113049056,0.020526669512962,16.935480572928746,0.0101754088119178,3.562888420020831,0.06232002,280.51059
5124431897263130752,0.8734852933675609,0.0150791890482595,15.42698751929057,0.0104267975961554,1.335144070002535,0.035613526,752.480469
5124525905507252096,2.4312587117065396,0.0170486890126943,16.786881182896998,0.0102630615570063,5.165471208501474,0.062382653,194.693817
5124623452804635008,0.6349565841858681,0.0149737390743985,14.077397090611743,0.0104948826768725,1.0612399815472329,0.022370324,942.342285
5125020754459507968,0.8384146539568123,0.0147107708048123,13.817424871602723,0.0103186615489375,1.7979832120413357,0.019871106,555.41864
5125076520314836864,0.8129077366807527,0.0146403947926855,14.89769994247243,0.0102587678369829,1.4312664624408715,0.027912308,703.445862
5125368371932294528,0.8439184096952652,0.0151346093044262,15.366526504236234,0.0105366566184938,1.0786759415180207,0.0340084,929.673767
5126310790836449792,0.7835854966988953,0.015456083999297,14.802987011853336,0.0107699146077383,1.0304342897652428,0.02770944,977.891968
5126394834756662016,0.8289332577964463,0.0148365354724334,14.681584291528807,0.010383516223378,1.38217180901326,0.02243868,721.952332
5126559349183813376,0.7324711998535111,0.0147235644699335,12.666139563400533,0.0103630854622738,1.626413559617108,0.017334208,615.264465
5127130614194140160,0.6756542368312084,0.0144909240101554,13.77654056382524,0.0102077214235738,1.7698906192004575,0.015546247,566.693604
5127438649248319872,0.7055091898994821,0.0147877641138625,13.34514012186608,0.0104007562258287,1.97317307435111,0.014529602,507.609314
5127558358576744832,2.2610139999999994,0.0142480638761407,13.323086,0.010013789749486,29.631143609472208,0.015253852,33.7462311
5128075541358594048,1.243786826329269,0.0143590731368527,13.920480568943807,0.0100932252219252,4.092560832646712,0.018410323,244.287354
5129867058117785856,0.7718506099455723,0.0148942632651456,13.782144216094563,0.0104582360571792,1.6152582618810405,0.02009653,618.113953
5130272021992813696,0.92126241308438,0.0148535552330198,12.311975266158782,0.0104071329090323,5.156228067617487,0.017705705,193.868835
5130272021993512960,0.7332285666038052,0.0147824458432925,11.245633380267316,0.0104097917845546,5.158391237033566,0.026779456,193.979416
5130525528143122048,0.7250194436079954,0.0148258204617089,14.370532394689365,0.0103954771724749,1.3706785736327218,0.022590771,730.35791
5131061127745841664,0.9270938081574324,0.0149077822083324,12.72353134294483,0.0104847171800064,3.56237553256047,0.017077615,280.431885
5131095315685193472,0.7435364839193156,0.0146470122368219,14.189021039497192,0.0103059096249628,1.817110489041071,0.020603187,551.307495
5131476811859441024,1.8921339999999989,0.0142094788546595,13.372674,0.010005247267322,22.935291607303235,0.017706249,43.6095352
5133305712013569920,0.649294577327496,0.0146390598939347,10.31497362351427,0.0103246977661777,5.516319697603716,0.025211485,181.443573
5133311828046821632,0.7626848309773998,0.0147007460043453,14.172664626249802,0.0103214480436161,1.8990016221333028,0.024220753,524.219482
5134288228732146944,0.6695811086538243,0.0143941708564121,14.066868839534788,0.0101478655621368,0.9872914620763796,0.019634845,1013.9342
5134504454565635072,2.29295254725619,0.0183904774712197,16.873243466792093,0.010135498452591,2.938959202831081,0.06921394,339.834198
5135126743787323776,0.8658396840456649,0.0146742667724399,15.290230473879006,0.0102181367218646,1.2021774250529096,0.03111486,836.79071
5135290605379490304,0.7928420861794789,0.0144243323202417,14.1517143656068,0.0101731315232323,1.491459464720616,0.017905936,669.043945
5135841220186937344,2.2373292141081467,0.0194135911957473,16.965977333974163,0.0102334790917307,3.919877798759398,0.08276626,256.237091
5136179560530729216,1.400749291267205,0.0148789728154072,15.541682202929362,0.0101948411359883,2.1800098561691335,0.035957467,457.597839
5136205948809758720,0.784705339806408,0.014371480033721,13.796805641906188,0.0101292137796151,2.238529695808408,0.017477753,446.934662
5136248864122893312,0.9064255947185812,0.0146981225916248,15.241961172476902,0.0102448750550358,1.179643180509584,0.033241034,851.563049
5136410148734759040,0.758147653252514,0.014598649438746,15.030018766141,0.010180917173845,1.257131758471345,0.026305094,798.88324
5136600398606100096,1.1056255502104302,0.0143251104079378,13.143665488174404,0.0101035824287759,5.167026431819972,0.013833041,193.513718
5136667881132414976,0.8406369177404124,0.0147091670459319,15.199855186675991,0.0102052015293052,1.2666600671326962,0.0397664,803.137756
5136802468227503744,0.9750680397381464,0.014599664746659,15.363565499645032,0.0101729553615319,1.189941272753263,0.032149564,845.681885
5136865793225278720,0.6727505463979999,0.0145286298364735,13.268263581375356,0.0102396464646227,1.686779051809976,0.015926396,592.712097
5136874864196203648,0.8989481035845895,0.0149070579928439,15.166317268107122,0.0103750807371934,1.4181166841525232,0.032179758,707.901184
5136946057574610304,1.9078397607480757,0.0186229636010988,16.69267353324511,0.0101382730422356,4.933294510355112,0.076598816,203.190063
5137307796899833344,0.7925926352926618,0.0148179527486994,14.824961685825448,0.0103171034147609,0.9886719765445744,0.027172029,1016.78699
5137543882661971840,1.357871374381242,0.014708528077189,15.558491194641162,0.0101582456339486,2.025342546418574,0.034555476,493.795105
5137602500375604736,0.8457419291891434,0.0141503997463712,9.904773111695484,0.0100020746898754,10.46720456780799,0.019757437,95.558754
5138070205134489856,1.1837859406673592,0.0143794405196711,15.031552460500112,0.0100563005219843,2.6973628585987193,0.02804862,370.804565
5138230768192220416,1.2277859434459182,0.0157545822187761,16.33665177573566,0.0104720530614451,1.2545035120507295,0.051343367,799.093384
5138230768192220416,1.2277859434459182,0.0157545822187761,16.33665177573566,0.0104720530614451,1.2545035120507295,0.051343367,799.093384
5138291962886192000,1.4947505756208372,0.0148385538993949,14.99981883575022,0.0103413838988919,3.274116414927827,0.02699478,305.200165
5138494788421815936,1.3549095956722634,0.014925958572489,14.584390427325465,0.0104650440703942,3.4234548390736923,0.024531456,292.079254
5138997918070296704,0.7550980550573991,0.0142688091262997,13.84157922866898,0.0100681635652848,1.258859394985013,0.02008779,790.792297
5139045575027554304,0.7769490116306738,0.0142375598434893,13.603828401154002,0.0100449914596293,2.460737552166813,0.016555276,406.841278
5139123434194614144,2.072181657937499,0.0410535873859641,18.280681637076725,0.0101674079026708,3.9092032623694024,0.13673742,262.5466
5139282588502607104,0.8840315870738787,0.0145193267427187,14.473833251092712,0.0102152716682384,1.686177392874909,0.02269357,593.778503
5139292724625432320,0.9224354769452536,0.0146904044119437,15.433517698086694,0.0101588697336454,1.4232225760363575,0.033611394,707.378601
5139421195687201536,0.8480805169460811,0.0146868562098286,15.234363319298929,0.0102631287423451,1.295998269957894,0.030375147,776.778442
5140115880878066688,0.6352880220689651,0.0143455391968075,14.261778183807294,0.0101194736758964,1.0719027586128906,0.021676203,939.086487
5140540601603429632,0.8734228419712643,0.0144332473074977,14.930972945073432,0.0101357863746372,1.53086004875396,0.026380338,655.889893
5140969686016215680,1.0016987112399085,0.0145392960988301,15.07215832607334,0.0102167287279971,1.922086619903967,0.03061939,524.711426
5141025142634118528,0.6894438358139591,0.0142244528869949,11.997080972051364,0.0100429199409096,3.642639151159663,0.015180408,274.473969
5141087093242370176,0.7472893134055951,0.014464868399716,13.403132145949188,0.0101851300717264,1.7308125465773505,0.016026508,577.470276
5141208967234332160,0.804071884562514,0.0147256636402238,13.996296229830085,0.0103545840230518,1.6314537966797735,0.019340929,613.324219
5141370458004615808,0.603998188725153,0.0146385356611072,13.400791222528197,0.0103005530399639,1.0390393185772329,0.014525971,964.247131
5141691515399839488,1.7994682742403982,0.017365088500917,16.84531261834304,0.0103298825920885,2.3903093749691653,0.07878008,421.938965
5141913582388823424,0.632443672305405,0.0152292745382462,13.379915064041075,0.0106868064347697,1.4080059189519254,0.015653707,710.159302
5142545148740039424,0.7991213365492663,0.0145066007352108,14.39669155335925,0.0101992421842036,1.2051670456587664,0.021142807,833.684875
5142618438062496128,0.6854749584573946,0.0143197932836549,13.467688847997296,0.0100985279435203,1.5076512738008585,0.01589827,663.873962
5142814597807874048,0.7506071318690399,0.0148123976283833,14.416273760398722,0.0103844556599095,1.1291649477879309,0.02324606,883.325989
5142872012931606784,0.9934690746206712,0.0144160767254037,14.529115006962977,0.0101273611242135,2.504452369176302,0.02475375,400.598083
5143066454690136064,1.138497495625674,0.0147429149938975,15.406259726510063,0.0101550432513883,1.5178486231483526,0.03475303,656.861328
5143555668645083136,0.925691259082681,0.0159628669511671,14.937742516746336,0.0110647243127056,1.2942911742552652,0.02543753,771.070312
5143739287086885120,1.1712990730720114,0.0151170241646802,15.2856878417768,0.0105391594339405,1.721693881981922,0.027104674,584.179321
5143917030013544192,0.6675013001739387,0.0150466744099852,14.123118572245128,0.0105692271497669,1.28891767877213,0.019065643,776.382874
5144262134930434048,1.8349168783879513,0.0181464456809024,16.612237486799263,0.0108924551786175,2.2282323672618563,0.063971944,451.112305
5144303164753468672,0.6499595230600881,0.0149947621994591,14.060026914514308,0.0105070494265207,1.2924842722723229,0.018419208,773.165283
5144488947858564480,0.6319986033333751,0.0146690602025674,14.01056194922526,0.0103038405494434,1.141703318885632,0.020642232,877.714539
5144854741633479296,1.9371000677668369,0.0155900324355849,15.87491393575795,0.0102793442941416,5.636820970058772,0.04946419,177.572037
5145270734985760640,0.7720189762994403,0.0147959411522733,13.87331881428634,0.0104080810166933,1.5143855504986434,0.018251043,662.210571
5146872242391797632,0.8251951659563285,0.014301129214455,13.725888171766448,0.010085102160868,2.1129570509224713,0.019978952,473.812836
5147721477684597760,1.4549872789234242,0.0152366623094863,15.576923113972358,0.010448844530311,2.605926664243939,0.041013304,384.972778
5147761231901995648,0.920219342558272,0.0154649240896736,15.295895032151275,0.0107432975042202,1.567844712400606,0.037548598,643.683044
5147881456626513920,0.6716069787804835,0.0146288162297279,12.55546276938935,0.0103108690616841,1.908885541140308,0.014372248,523.848083
5148045008981113728,0.695546454137562,0.0149669347725999,14.308667239260378,0.0104379983045897,1.1651371442298963,0.022667024,862.102661
5148196363628560384,0.7452544205848994,0.0145588421112397,14.00496541608108,0.0102319476137244,1.658385066817488,0.02159717,603.114563
5148371632653976576,0.7187950561489846,0.0144205989663202,13.819345826396,0.0101633490875946,1.7143998865056531,0.016751777,582.51593
5148570197581940352,0.8471723596405711,0.0145036732198801,14.414115028465885,0.0101947242464053,1.9078153059156908,0.025261397,525.338318
5148824528365323520,0.6426059864468746,0.0143440040899728,12.733942233187854,0.0101058234502822,1.7916368989993,0.014394721,557.318298
5149043296819520896,0.7251699459924538,0.0147841064738273,14.971965642586069,0.0102797432074596,0.977940285076889,0.028770726,1026.32471
5149364251135685888,0.9556993204880376,0.0146987085389415,15.007133244225331,0.0101955812856141,1.90529560246368,0.032993823,524.504944
5149972384145044992,0.7677099168356192,0.0148290012984933,15.17311116073439,0.0101620680178737,1.01951800576045,0.0322616,992.931213
5150006056688624000,1.2726862906212304,0.0144514851670036,14.895830974092371,0.0100737271718217,3.1228890955196382,0.027318567,320.431519
5151388142804763648,1.071652250845714,0.0144597883575857,15.474261505852953,0.0100792574908011,1.8327254213038673,0.035280637,548.17688
5152658113094732928,0.6711867070123099,0.0149175281564416,12.534307244147003,0.0104893090138329,2.3733156946205827,0.013779927,421.721252
515547743706807808,2.4749329999999983,0.0148171116103595,16.083462,0.0100094304880258,15.343982991434425,0.03919787,65.2058716
5158552693714763648,0.6521427155928624,0.0150092283097487,14.221242432452224,0.0104981297889652,1.263306341649857,0.02218541,792.131714
5159160246904157824,2.757013999999998,0.0151034487909726,15.072045,0.0100260360145383,19.717811503312625,0.036755513,50.7202034
5159548786825693696,0.7614336366985495,0.0163179731258463,14.48638948512144,0.0111796103926156,1.389720530017842,0.021708246,721.174683
5161119576624875648,0.6981260442466822,0.016114858393849,13.675825048209765,0.011256608714675,1.8537380345624153,0.017854692,540.619751
5161378545973422592,0.7493443170771065,0.0168077692756117,14.708668724391858,0.0116446271621002,1.2547994181729978,0.0275106,802.74231
5161824123060734208,0.7188856200200131,0.0162356826319722,14.72853363001402,0.0111160036675131,1.2320650956398338,0.029118499,815.47052
5162140885488755840,1.977474283935088,0.0153925567252116,15.559913549696812,0.0104355493748998,6.18851582110322,0.033034097,161.394318
5162140885488755840,1.977474283935088,0.0153925567252116,15.559913549696812,0.0104355493748998,6.18851582110322,0.033034097,161.394318
5163125395071697792,2.536105233883674,0.0158334714162931,16.26213388991337,0.0101347280353994,6.470289008363534,0.04931945,154.479919
5163525101908470528,0.961061286897276,0.0179636400381961,15.112942153418766,0.0123114298047081,1.4029852579014706,0.033040997,710.023438
5163552074303047424,0.901071497983882,0.0164001251551747,15.011026096632646,0.0112351729784255,1.625427370247179,0.03172082,622.638
5164153232285567872,0.7215781815703138,0.0169419259990975,13.135004334767505,0.011803044518382,1.5668369159774262,0.012958107,636.978943
5164260984425122688,1.7951250061903807,0.0172858664382971,16.637074953714798,0.0105402932129413,3.065112278164967,0.069521934,327.255676
5164566648657778816,0.7556213359414109,0.0151545416098247,13.773032691423175,0.0106217163176789,1.1011193518318725,0.016432546,907.283264
5166210865217311872,0.7012865178098835,0.0153297236178102,14.467245381481831,0.0107072927718334,1.3227165515727255,0.023958415,758.289795
5166356992889426944,0.7518455771714908,0.0166317393381123,14.954887306024954,0.0114929959723101,1.2418832829597213,0.031226607,810.682922
5166696437039938432,0.6476499706996606,0.0155339377244742,13.355675631675622,0.0108624482529573,1.8422457963299983,0.016387286,544.723633
5168172153443049856,0.829591865573357,0.0160835692274406,13.948123755296317,0.0111972263007861,1.9544871704007427,0.019984981,510.988464
5168547361786418944,0.8929818270365264,0.0141754717492893,11.301182623563726,0.0100066058719264,7.0614676635635805,0.017251238,141.678528
5168680162175760000,0.8542520926671017,0.0152173882979722,15.0003936903495,0.010466860509513,1.4044617801910484,0.033057243,715.714355
5169031215621768192,0.6766518940657504,0.0165670748729863,13.53649231093917,0.0115336523358161,1.312392745048542,0.021192158,759.564392
5169955355144830336,0.8249431503569631,0.0146253856904567,13.666067616541508,0.0102649549007827,1.6291285352826446,0.016199816,613.75116
5171359049240861824,0.626262595523239,0.0142745904556363,11.870157471834954,0.0100794301593998,2.746870887771521,0.018003287,364.319885
5171811880528481664,1.1093287217835222,0.0144866495041494,13.759123311107018,0.010186007477058,2.917359692383796,0.021385802,343.012878
5171820607902020992,1.5130075743793394,0.0147888812982868,15.085460784952296,0.0103251088656104,3.0323134601288113,0.028787142,330.60556
5171881905675327872,0.7429247992275795,0.0151665838163926,12.870550526853656,0.0106402944983847,1.338729608665253,0.018206734,749.6698
5172300819605338240,0.7877515106121755,0.0149452210708498,13.699414462162244,0.0104885550915892,1.4187205742699232,0.01699279,705.527954
5173890021928773760,0.6582645687114581,0.0148027944649632,13.337687195431815,0.0104148962965688,1.1063137818205624,0.017494937,900.454346
5174045297882070016,2.760507548305991,0.0246831430994406,16.736716306570038,0.0100577081320938,10.956310710798377,0.09053023,91.5776291
5174183286591284736,0.7845223428644589,0.0149524102947313,15.012798204649052,0.0103754434746735,1.1347891042349143,0.036084555,889.728027
5174349278487268864,0.7184013445852964,0.0150492627241639,14.544285940382078,0.0104534742117499,1.315521265875356,0.02777472,759.703125
5175281492549140608,0.7714933385214143,0.0150707836356487,15.210289586182556,0.0104191860243846,1.030641956976551,0.029211607,972.169434
5175553003201732096,1.3110916948915246,0.0149781920501302,15.206487250047005,0.0104347774207215,2.2481516593066555,0.03234572,446.054535
5176372135069174272,0.6684784471638576,0.0142204060638829,11.05577383489657,0.0100400044369778,5.211695829077089,0.02268511,191.770691
5176926155785813376,2.170096891963132,0.0182833939556737,16.55640522459785,0.0101144389993818,4.90708582788623,0.057879522,204.181183
5177373755802557184,0.8125807224896612,0.0143889471600615,13.685717021899135,0.0101177706140871,1.7878573411608765,0.024149954,559.895203
5178723101382927232,0.8951261915447507,0.0154118073791901,15.011725620166606,0.0105009305418325,1.3864639060499715,0.029843494,720.877502
5179051546122013184,0.95461561712867,0.0141812820746296,11.483140101487942,0.0100145453398078,7.049217460908417,0.02041139,141.758636
5179494992905349376,0.7567865314511771,0.0159030548371562,14.0038609813922,0.0110889669064462,1.7765736833481132,0.020322189,562.805847
5179619100280347136,1.8347270556903237,0.0199175409124896,16.730814268619042,0.0107922705361858,4.69849163234839,0.058766533,212.966141
5180525681977234944,0.881395315154468,0.0150766928410846,14.952313275198245,0.0105063056893465,1.477989291667512,0.02841523,679.634705
5180687275826672384,0.6671547330440012,0.0148210181084737,14.983052772086484,0.0101304804539095,0.5975101811721889,0.046840332,1628.05334
5181651581884088704,0.8623928072224336,0.0163678558490136,15.718338251570222,0.0110441615617665,0.9143425347294792,0.03769594,1103.55139
5182348294298891264,2.054650084458435,0.0285713363824612,16.807679839316474,0.0130500583590337,2.790055041528818,0.07519744,361.844604
5182564485772783616,0.7389064503286529,0.0162896163327351,14.963998857891784,0.0111952002841316,0.8753213247615297,0.06474287,1146.23975
5183784256484813824,0.8384611480810314,0.015058439310242,15.299151416067636,0.0102517787788628,1.3559838993844489,0.040338088,742.412048
5183886957742689792,0.637885609734182,0.0148490786508917,13.727134537724623,0.0104185196843645,1.247657402950957,0.016341936,799.986633
5184415547957776768,0.6853935626946126,0.0165033014510706,14.817431300159928,0.0113558668546617,1.0853646057630209,0.028387163,924.348389
5184416166433067776,1.1052322688329996,0.0158132655987451,15.387588214550211,0.0107397318519591,1.7635191672072716,0.04263666,569.379639
5184580131104540032,1.046153922501917,0.0144975463886489,15.012654634029085,0.01012934009791,2.2470104021032204,0.027762506,446.491516
5184824046591678848,0.5992786629019969,0.0146315235591196,11.887520799103331,0.0103041800740763,2.9465183544559284,0.019363692,339.071533
5184986709888685824,0.8561476307755661,0.0150947056191794,14.00022486605792,0.0105328011682651,2.3326280242601705,0.019309986,429.259766
5185244648444641024,0.7931713687680074,0.0153474521848065,15.026422990212977,0.0105014333570713,1.3375140047145555,0.030781642,759.947021
5186351753574602496,1.057398203318681,0.017636589089778,15.319762579705667,0.0119843829884789,1.717155950817338,0.03941505,585.0047
5186640375376896128,2.021595795297882,0.0185752100003297,16.41725558230031,0.0117775865162272,3.0269842616178435,0.060683485,331.811676
5186964525148707072,0.7671413433381268,0.0146203328771957,14.699214929524894,0.010217058824425,1.006026339006851,0.024352966,992.164307
5187083134965424128,0.7535689749076192,0.0150338703104774,14.758633959327144,0.010442273309368,1.4433455005524478,0.028128179,694.261841
5191068108704625664,2.7427519999999994,0.0148175800624206,15.0276375,0.0100123033160988,16.337389786943174,0.022039436,61.2035866
5196092086568670080,2.4696740000000013,0.0147877313371933,14.934378,0.0100113711018296,17.42535428964455,0.019998377,57.3759537
5202035874630263936,0.8211396157059875,0.0162789645956019,12.603085800949213,0.0113510628984779,2.7638341233543207,0.015022761,361.40979
5202989288651102208,0.8212232810849921,0.0141908740301256,11.000567311806437,0.0100251115142717,7.0180857322825,0.010757472,142.495636
5211222225560060800,1.974717767766752,0.0142521546585619,13.936701023651256,0.0100035033541131,11.3673005080798,0.012335687,87.9677887
5212790988135299584,0.762394652047675,0.0141556061114999,10.397694136720617,0.0100054306131479,6.198288825535809,0.011960565,161.355713
5214731797956493952,1.2060378914690109,0.0285327626514825,16.79084490404128,0.0140202085548266,1.0042976707584244,0.05640006,1038.90466
5219926264546066816,0.6738117873139076,0.0200845603926321,11.011028712326086,0.0139151124521798,5.339586782521112,0.011782939,187.183731
5231374074681589504,0.6686730458506871,0.0152824148766553,14.361917022218384,0.0106844517240446,1.383106840415563,0.0158422,725.218933
5232626830745398272,2.330594933736639,0.0144307431671857,15.07207375476564,0.0100136992092426,11.504868799453217,0.019382268,86.9097672
523313040665475968,1.1328791624246954,0.0141547491112344,11.230541300612794,0.010003455051305,13.313191010881738,0.015327546,75.0912704
5233516370013103872,2.56081,0.0144170282374119,15.038225,0.0100103209722727,15.101915237059265,0.020016724,66.2291641
5244951978135977088,2.62528,0.0142342284957322,13.347976,0.0100095354503352,37.117008790477925,0.01135474,26.9428234
5247855066784344320,2.557640599834277,0.0602199677034324,18.73712782147517,0.0122470968530993,3.5343105834303072,0.1404401,290.073364
5250028835646830976,0.8118068810160838,0.0184926563756231,13.815096610464142,0.0128216937826668,2.128338395244022,0.014854732,469.237518
5262329656323252992,0.7304915057271031,0.0161955159590895,12.782805414088823,0.011329737189598,2.336069972535378,0.012255978,428.386139
52624073910834176,0.6564081230474639,0.0141532792042128,9.092379554683898,0.0100042487175269,11.41207452896058,0.01850246,87.6539536
5270690720698104192,2.4650709999999982,0.0144888996376818,14.8211775,0.010008193369869,14.836636257689214,0.016914515,67.402504
5275573136442967296,1.8831301786225043,0.0195569865614792,15.821485714123863,0.012991552506422,3.044548327352333,0.031660795,328.617218
5275964218984228736,0.740879347590911,0.0141534848007379,9.812192404961811,0.0100039401488601,7.621979174683706,0.013133209,131.205231
5276305686064708864,2.3236064433701715,0.0237913658838551,17.1002503530728,0.0129843206301447,4.010654518322831,0.061766684,250.645645
5277538307318870400,0.7880146369425935,0.0141901822104698,11.48633098679832,0.0100254429379966,5.90691982436489,0.012735865,169.346283
5278406303034224128,0.8049716171042373,0.0141824211901996,11.04573654090858,0.01001945617957,5.589734412962703,0.012674915,178.854141
5278755260536584576,0.6602362520663911,0.0147223309403666,12.891888382276957,0.010369748346573,2.046385783136659,0.01525977,488.556458
5278921836543983104,0.6616857629201934,0.0146822318684868,12.49863898533664,0.0103433505323653,2.6477795029633455,0.012280456,377.867096
5279094219352296704,2.2590896006016705,0.0151604045324361,16.112476801149434,0.0100175429763036,7.565615402923064,0.031149738,132.158722
5279158300264074752,0.9753826797909008,0.0146990893715699,14.505108373740972,0.0103081078988371,2.19183696798157,0.017404273,456.873291
5281171712211513984,0.9993,0.0148108588249814,16.479465,0.0100216378334655,0.5980173783975016,0.052197192,1716.27917
528133681509788928,2.4677430000000005,0.014696021086714,15.630091,0.0100106896624093,20.084956663844864,0.028930478,49.8068581
5283176701728497920,0.8374651628620394,0.0142181572105975,12.143815630746126,0.0100390933930206,3.4757415628086026,0.010020559,287.884918
5283347886243988736,1.7411923477432716,0.016225909802025,16.65249935198412,0.0106251111254368,1.720523167751115,0.047235664,586.218079
5284188531609604224,0.7762984515986885,0.0141734753522917,11.427299821577156,0.0100194655845123,4.382250823903617,0.01078673,228.122635
5284300853588212480,0.7684120699724873,0.0147642478304233,14.464247402441384,0.0103617301070976,1.3199265259919355,0.015537536,757.396118
5285383494580664576,1.8361560936864156,0.019053551059289,16.908361784306493,0.0106457370961308,2.171566725654625,0.047908217,462.15506
5286520973718209536,0.8916514368859405,0.0149357850471049,15.24965975472883,0.0103395984030442,1.2333931852570068,0.022820149,816.806641
5287963361177292800,0.8089021540571839,0.0171783111369015,15.829397931116509,0.0116923265317889,0.7418539541705504,0.03424019,1369.26831
5289848645661507456,2.433909330165666,0.0261006306685515,17.428691412834652,0.0105783980266322,4.96323280176215,0.06381758,201.518631
52997736067254272,2.23859375938937,0.0311665429680302,16.352080346630057,0.0199141395233097,6.323671323496894,0.065151975,158.399185
5300125540340334208,0.7169747231425725,0.0167066879120588,13.757766817335328,0.0116596642475586,1.326293741426447,0.012623729,754.354492
5304514000482991232,0.8141697556288241,0.0338337512477817,14.950442182060875,0.0230846425531109,1.1004433929460538,0.023101998,912.632751
5306000948211305856,1.8941237321953623,0.0152849956948242,14.765896837051187,0.0106700899905148,6.572290065889155,0.021261489,152.163055
5308129607045559808,2.3443843931745136,0.0168805947409224,16.166595591318863,0.0105302597236782,7.060684936410124,0.04078893,141.623383
5312927703977650048,2.125318642175939,0.0153122764687315,15.71723454764362,0.0104778791233513,5.21460207114953,0.028196657,191.763275
5315695621411064960,0.9846307245296826,0.0156996962250901,14.7982660209538,0.0108817903974442,2.05013459649968,0.02104625,488.430481
5318687255121605888,2.4599919999999997,0.0143604575129449,14.511491,0.0100059598588228,16.89391728278184,0.014985265,59.2050629
5318706908891836416,2.327606928307022,0.014978723828488,14.28127410516765,0.0100430588294373,12.812527442162974,0.016249623,78.0589371
5321048486395329920,1.9612380585417708,0.0157391354446166,16.387669196584643,0.0102763340617657,3.497513857488154,0.049829405,286.866058
5322404738286660096,2.5585640000000005,0.0142502741392662,13.413652,0.0100142304017313,39.165789042584855,0.011060015,25.531435
5322559077936734336,0.8091252230687367,0.0152125997419989,12.858164803877075,0.0106938476875849,3.4548527023176967,0.011786978,289.609192
5322869213236422912,1.7743377182773117,0.0184859000388658,16.429575193028572,0.0117211701648442,3.2086900912340637,0.044286896,311.748108
5327398337841502848,2.1975779064373135,0.0150314548039294,16.04765541447709,0.0101298323897638,4.714027029204281,0.03482734,212.261642
5328642989315498240,1.4357827201242963,0.0152415940018522,14.901410034329468,0.0106394779250673,4.112112423627798,0.018956304,243.308395
5328653675193848192,2.0151019074612337,0.0145674499385403,15.23885198059785,0.0100432942025161,5.552166109259466,0.021825144,180.123322
5329395433230265600,0.9959313541353132,0.0177101100764975,14.993532616011532,0.0122540137660432,1.4610826363120764,0.022072833,688.538757
5342482610913291008,1.6056006178342888,0.0151928026486837,13.996414248114416,0.0105246830521113,5.095554804830078,0.014958339,196.2388
5345876322270185088,2.4202046563849335,0.0147440490627106,15.825609286653057,0.01001379906406,9.369044172848833,0.028081214,106.777885
5350943181095034368,1.8242159939258216,0.0181480413809733,15.724967553771124,0.012357397330052,6.760721092150142,0.029413288,147.971176
5355088305543919488,0.8963692610811024,0.0158750590418065,14.760678135576246,0.0110875543196148,1.6552105687845176,0.01947174,609.329956
5355753750619000704,1.5114868978179676,0.0150333397441153,15.119182710359263,0.0104742413076364,3.3279775164641423,0.022325797,300.913025
5358179685572496384,0.6495541310682762,0.0147368002703123,9.89754459664133,0.0103867333460899,7.50233118830013,0.012008189,133.222198
5360273842895365632,2.308802,0.0142215088991367,13.690873,0.0100044970781913,21.55037806954971,0.013693147,46.4016724
5362503824272807424,2.0887241705616293,0.0141863978316343,13.334726307683113,0.0100040934519917,11.987697615421352,0.012797532,83.4201584
5365453156836732544,0.9135713194303025,0.0181055685787643,14.976254711938276,0.012561060367043,1.6145852234976965,0.022126844,622.276001
5366564011475829120,1.923635758089609,0.0141764670532596,13.880774855042864,0.0100023047141876,11.76186808226784,0.014770118,85.065155
5367948330973471616,0.6773069051051853,0.0158770580214213,12.729949128639204,0.0111253563433588,1.3517735802568271,0.012284373,740.950745
5375925390911116800,0.6982273752364724,0.0152968370397432,14.308715805233842,0.0107096234038788,0.73448419352658,0.018701455,1359.61523
5376169276333820928,1.6478183896846466,0.0146571837633941,15.85904551927648,0.0100823288486264,2.6238651947188805,0.035463564,381.89389
5378033567017246080,0.7267014829895416,0.0173886969142609,14.578274443289947,0.0120833687746684,1.120854344312023,0.023533776,895.533386
5379194994895486976,0.7075126868890228,0.0159948357787371,13.823875677858206,0.0111833843542164,1.081177644945044,0.015161762,919.379517
5379576216190635648,0.7882063145649674,0.0202734873182004,13.713757697800869,0.0139935817291345,1.5054888179247938,0.017662665,664.713623
5380306876026604544,2.8434279999999994,0.0145786943087063,14.690261,0.0100124694989903,30.603117276582303,0.03135717,32.674942
5380586839174305920,1.7676890683024238,0.0166934597553545,15.461777462204871,0.0114624209234653,3.9585351316282305,0.04402104,252.122253
5382178657135395968,0.7286301094678813,0.0160088470105668,16.401511402833314,0.0107797386624729,0.5378227272021452,0.050340947,2075.04004
5383460275375816448,0.6759391265109707,0.0173031683624924,14.10834963030788,0.012042667893646,1.338817872097651,0.01848726,749.275574
5383582836562245120,0.7003697477033026,0.0170946088872263,14.482150864256432,0.011880500328832,1.1469463849877142,0.022303667,871.397705
5384538140369631104,0.8225865851137663,0.0158079975839124,13.932734529430414,0.0110703687427885,1.7307821390466285,0.016722515,578.547729
538459057766635904,0.7089576591898411,0.0141713455126808,9.629934927604806,0.0100153831535799,6.949236996507077,0.011055353,143.847992
5386008977688647424,0.6682651925036541,0.0146405131210017,13.054884629262428,0.0103137740118985,1.653543697919739,0.01830833,606.690247
5386109583002448640,1.8251180520945416,0.01665653490967,16.028657617681827,0.011140848558607,2.666680137639178,0.04609463,376.687866
5388109903892001280,1.76701270557428,0.0141750353715156,13.327113577961518,0.0100013606083876,10.508141989490335,0.012599556,95.1751862
5388612346343578112,0.9484275138218942,0.0146551612501081,12.59524908572754,0.0103283256196293,5.444422304183289,0.011406344,183.808121
5389468144349339264,1.859153000000001,0.0141986638575911,14.306989,0.0100019412563667,14.571554216070767,0.02009871,68.6301575
5389590533737965824,1.8042719999999992,0.0141970105855714,12.551908,0.0100020252719882,32.30974722455542,0.019559579,30.9463577
5392884601854613248,0.681035562724221,0.0145229460192272,12.510780946705594,0.0102410920350332,2.844309186708635,0.012714953,351.518707
5394231091282175872,0.8128347681074369,0.0149400483139515,15.23192443713503,0.0104468933231703,1.2336674665602143,0.028092438,817.574707
5396749453945311232,0.6199499127857085,0.0172297930712327,13.56479833943807,0.0119852149828144,1.2041387936565957,0.019338835,832.562805
5397478670672448128,0.6979743560780256,0.0173211606827576,14.965041418754389,0.0119569129442213,1.0302471122593024,0.027036713,977.942139
5398929441905409280,0.7750556976564068,0.0161295868097225,14.861427119735849,0.0112328765170091,1.375930712675235,0.024458895,731.931458
5399395325597758336,0.798353675229603,0.0152979677879129,15.06988237713355,0.0106462897207292,1.1901910582713746,0.025816128,845.429932
5399556094813485824,0.6996396609519246,0.014558532306918,14.592360974554646,0.0102166470321946,1.2267750085541416,0.022002827,822.448608
5399767819520674944,1.0867909962838609,0.014672197527706,14.367478594595562,0.0103197025678354,2.9463867066595544,0.020810591,339.615997
5405779055770117248,1.8164499437928383,0.0165895723117031,16.692437599642975,0.0106631402843704,2.6733129123516184,0.049050204,375.061249
5406898942704441472,2.0085995364577456,0.0155812686951306,14.313556250036708,0.0108942854652837,6.376158469454474,0.021633625,156.868561
5408828791783358336,0.7836674372289699,0.1149359174857344,13.90357548177641,0.0780617396392899,1.5342317700037549,0.01699878,652.299438
5409439536130675072,0.956415332636196,0.0995338962314498,14.896530671791666,0.0676162325136067,1.3659846697897449,0.023619222,731.723755
5410369963479252224,2.305315397368139,0.0168481293905739,16.14756442983889,0.0101573168315404,5.45943820684373,0.040445827,183.167801
5410457168498403200,2.388819889880608,0.014690171727378,15.761176995437774,0.0100077892654637,9.67096448982236,0.029941544,103.45488
5410698683096655360,0.7543039999999994,0.0143411860914554,15.597418,0.010005521271334,48.873105624743665,0.025127925,20.4625626
5412790400886483456,0.7790205228893742,0.0152008248843449,12.029870810071952,0.0106860319466675,4.96695684470461,0.010317066,201.328018
5415437921806124672,0.7407325806694977,0.0160333675987989,14.90396662021364,0.0111786323551966,1.055592908788736,0.023505276,951.750549
5417006443861510784,0.7224912149849352,0.015877064070075,14.790750080201242,0.0110710973396627,1.20271129915359,0.01973529,831.580566
5418645605240430720,0.8377973860932258,0.0142086033703651,12.00434844825074,0.0100393202412602,5.508375183271662,0.010953857,181.635574
5418651931731821952,1.0415220045035638,0.014523634870088,15.406123119983809,0.0101461107911458,1.7198183242803349,0.027032563,580.69574
5418927359394105472,0.8340555709779341,0.0147168004290525,14.149860049640653,0.0103518822819051,1.951783963233646,0.015480307,512.973633
5418936086767686912,0.8316035073184638,0.0262883572956871,15.264974051511546,0.01800866933106,1.338267887240386,0.025048716,758.765381
5419327409827961728,1.3240634369247042,0.0149493753292972,14.663474306860998,0.0104713535772338,3.119308620967822,0.019153312,320.634613
5419534972706899072,1.0277350885743832,0.014711377475934,12.904920098995612,0.0103660171695613,4.98864289797163,0.012965086,201.005539
5422668791307417856,2.356124624447374,0.0156613031578061,16.461013800699703,0.0100379742973883,8.188094824246477,0.053585198,122.168449
5422764620617394688,1.7029787712792066,0.0148033214997172,15.107500463775528,0.0102327904806101,4.110610696531059,0.021747578,243.12146
5424362966924804352,0.7384143795183316,0.0215762698124055,13.87424221171904,0.0148954350556836,1.525667234326444,0.016589478,656.496399
5425766802757731584,0.7632001226967194,0.0336956131571822,15.00004506733102,0.0229867271465568,1.1930375450840855,0.023122603,844.48175
5427995993863547520,2.110124985582795,0.0145276062727164,15.210180359866404,0.0100151054066521,7.91215144000134,0.024581864,126.356628
5429159685180085376,0.6868132009726652,0.0147230996562467,11.811396858516789,0.0103736946963686,3.6320889722098704,0.010580262,275.386902
5431016421022794240,1.7626369999999998,0.0141605429870391,12.750603,0.0100019219644506,18.26479601603926,0.011560094,54.7511635
5431604728462846208,0.666759652398106,0.0164562788148563,13.497117488479676,0.0115011703087632,1.446868853364162,0.012795874,692.043823
5433618312209685888,0.9696654891944158,0.0149264053495687,15.11712356773461,0.0104294930982043,1.7925314871027174,0.023979265,573.046936
5433943698932006144,0.8548579695970336,0.0148077604090496,15.139341944339128,0.0103602270823601,1.3319405468679812,0.02281239,755.077637
5434059216371883008,0.728023043523365,0.0149617534497692,14.552264216319454,0.0104776714728369,1.268861947635669,0.02031091,790.814148
5434484246335909888,0.8120099546689736,0.0154574087656558,15.100512011462031,0.0107768868073886,1.2650184482525484,0.025318513,792.873657
5435981575014237440,0.7596596653913469,0.0145825441184982,14.455932794173789,0.0102686310152297,1.3912300038715988,0.016379662,721.830017
5439118035010443904,0.6650228415628152,0.0148072315727722,13.620086549620002,0.0104194623313516,1.3896978198663303,0.01710278,718.104004
5439812239164310528,0.6783008904962469,0.0157444808880973,13.639589948187744,0.0110303269936017,1.1359028093846504,0.014845638,878.59906
5440276507949375872,0.7524194120580541,0.0176812609011718,14.39914216492447,0.0122656805877007,1.580528288815621,0.022925703,637.309387
5440333304595796736,0.9898134988380796,0.0161400154361086,13.37913649293764,0.0112918344372141,3.886813780602757,0.017361032,257.132172
5442355272121310080,0.6697361049276522,0.0143782554896104,13.409487825152342,0.0101447227521367,1.4692177768943464,0.013222946,682.3078
5443016662724261760,2.2771735,0.0141773422441314,13.694638,0.0100028990117166,16.74972566151194,0.0154777635,59.6995316
5443426917999627520,0.7446439122995168,0.0155756043940909,14.348604154489877,0.0108922239904104,1.4239523109709975,0.020833876,703.565552
5443514638412096256,2.0067269999999997,0.0141737063490297,11.699413,0.0100058142059993,25.878126199063807,0.016175212,38.6433525
5444968261504703104,0.7862110375441586,0.0149003475664802,15.251543948238114,0.0104215266400156,1.0433258777606664,0.029154863,967.331299
5445161775550251392,0.7922337386880816,0.0147818525266,14.800944110956166,0.0103851646691649,1.1449345172084322,0.021626696,875.609924
5446367630568598144,1.3858358900182015,0.0149886917577057,15.511494666402813,0.0104040333870186,2.5291915956765303,0.029953554,396.516296
5446820217041787264,0.952309565141372,0.0170051561737362,16.96543506754611,0.0103106359799569,0.5329959641730012,0.06701303,1953.1853
5447549536848157056,0.7401739839472995,0.0150052217879593,14.42398412187511,0.0105196873143375,1.3352776744363148,0.01918129,754.123291
5448850259104087040,0.7044267895942546,0.0144382409055568,14.512888979394347,0.0101509483503904,1.1130312519121606,0.02105282,897.583923
5451174523605167872,0.7236843571776899,0.0153939363080901,13.54976806371234,0.0108036500771209,2.1661338621328943,0.015916998,461.569275
5451919477092658304,0.8275598619259704,0.0159933033152269,14.80921963936947,0.011111619650067,1.1430398455680246,0.02670219,874.573181
5454097575267954048,0.7401489935498815,0.0149771859629757,14.75486037508682,0.0104894486580934,1.206463758781717,0.024186306,836.147156
5454249239153254144,0.7834833853306383,0.0149286564703971,15.03773536810139,0.0104100120598223,1.2471222164072389,0.028960941,807.455811
5454640218615659392,1.9324630000000005,0.0141688436344446,12.246217,0.0100028332044805,18.02506749290385,0.015053044,55.4847107
5454675368628047744,0.7170266154557092,0.0143639840592562,13.473328089817322,0.0101324404507515,1.8709275830261896,0.014082769,535.116394
5454772709766954624,0.6562120956384034,0.014738975953556,13.263081295299514,0.0103779390700884,1.7216869661433467,0.016400177,581.633362
5456552372415719936,0.7392607548679097,0.0156868048017778,13.349369173343296,0.0109982530915486,1.5766788362671962,0.014277925,634.345764
5457356562092400384,0.9731123790254204,0.0151368896988055,14.828439886322172,0.0105905845146053,1.621757735069463,0.029756207,619.019165
5457426346721366144,0.6315474691558217,0.0160746330544331,12.877177271583395,0.0112535598680962,2.0275531684523873,0.016307116,492.295929
5457500838633879808,1.3405324204086086,0.0164633176070594,15.443594556180123,0.0113387968234476,2.8573777074339555,0.03762274,351.185516
5457633535943006208,1.0334230580729091,0.0150509454400986,14.540630643630816,0.0105347715912387,2.349899572509696,0.024171859,426.883392
5458828017889775360,0.6540637526296905,0.0152387605264735,13.840885946307086,0.0106953255917155,1.2281593012151348,0.017282348,815.228027
5458884505298637696,0.8344276705400352,0.0145411297733572,14.148517506189076,0.0102341485280531,2.2118355827128773,0.01854728,452.12793
5459828917068582272,0.7494110525113438,0.0144873239475915,14.135707798865498,0.0102089319142254,1.5252177141049663,0.017587746,656.673523
5459976109889190144,0.6643121581191623,0.0146023498622562,12.31635849335598,0.0102954257438514,2.2093451503301886,0.012080465,452.694183
5460148393915619456,2.024587774891986,0.0161501525441621,16.652207506997037,0.0103922721545403,3.741555660555048,0.05893066,267.271149
5460914925318862720,0.9080089214930768,0.0146012452922149,14.89457692023738,0.0102520955927144,1.41905909332688,0.02490225,705.218628
5460947601430346752,0.9205127785262028,0.0144449171810197,14.768994225804295,0.010156190920699,1.883728649694076,0.023939613,531.266602
5461272919432654720,0.7887310411650761,0.0144202006066496,13.852524831668877,0.0101682222465778,1.645091826235252,0.015975416,607.839539
5462136547157907200,0.6935104730987179,0.0146628810508441,12.211279017614745,0.0103309424042425,3.1845327893066058,0.012636548,313.910156
5462898513014853120,0.917518130779412,0.0145981194943456,12.849359421755343,0.0102894296331611,4.281203945309037,0.014955176,233.471298
5463345120892251776,0.7686542342831315,0.0147062247215275,15.141701406414992,0.0102548253182008,1.093488021835478,0.028622964,919.394348
5464282488915123072,0.7926353720720106,0.0152572149922663,14.928884875459604,0.0106146196456824,1.2994068325595207,0.02462767,775.061035
5465879250379146624,0.6706938946407568,0.0144533115755171,11.866297786613938,0.0101902399577341,2.3719035480208337,0.014801371,422.25354
5466318028534869120,0.6200898151793487,0.0171883074939711,14.071749300669508,0.0119681282770458,1.0763290013460294,0.019979732,930.374756
5466423753449865728,0.7724188361264404,0.0155833460349915,14.81771316877424,0.0108436760134077,1.283011602051746,0.025467247,783.018372
5466705262786585216,1.9422310470345752,0.0185684740316745,16.58977774118712,0.0107194065525013,3.643711633114356,0.06570048,274.968781
5466759173216029440,0.7335389904626571,0.0150001933580062,14.449848042312436,0.0104775949646142,1.0191554039199175,0.02194471,989.013611
5467561232588269184,2.000001338650817,0.0151234166761267,15.784159453257852,0.0100111952286703,8.046491789548908,0.041230116,124.371666
5467606278204984064,0.7428724700695427,0.0146453338644225,14.651850513038424,0.0102192609645882,1.365310667163038,0.025801385,737.328186
5467636652213767168,1.8194565715943425,0.0207349937487865,16.79999076026135,0.0104921088478185,2.9928221496689376,0.06711664,335.234528
5467979184445862016,1.0818492287599348,0.0166682226666715,14.151839441868251,0.0116001768840728,2.5733861349552396,0.021666145,389.098785
5469199504913752064,0.7209418651985864,0.0151085965410578,14.4947631407789,0.0105149307508719,1.1899898806132303,0.021699617,841.891418
5469199504913752064,0.7209418651985864,0.0151085965410578,14.4947631407789,0.0105149307508719,1.1899898806132303,0.021699617,841.891418
5469590518736064640,0.7664336269586202,0.014533459738576,12.98640910573935,0.0102429796955856,2.468049342781221,0.015579244,405.060822
5469956896626429824,2.843903000000001,0.0147086754196653,15.259696,0.0100141850435043,23.274973661219995,0.03755061,42.9525566
5470790498238821120,0.6156003243981387,0.0143757535924498,13.249961915133492,0.0101376895671358,1.2970275290243016,0.0143645415,771.745544
5471720238399339904,0.7723661232721817,0.0156666434936086,14.749605711287533,0.0109134549736276,1.362156268715478,0.028082456,740.037048
5472446671988294272,0.6572375899920119,0.0144978777003364,14.133270704609435,0.0101738850819389,1.4664052653051678,0.020074014,683.667725
5472572462990368256,1.1288232102173006,0.0149465028442835,15.422652873756538,0.0102743450596807,1.591038868521569,0.033543102,631.784546
5472711310692793856,1.623737398844329,0.0148682811728766,15.064553374547645,0.010291036642602,4.609734660694857,0.026455225,217.187256
5473966506294950400,0.8962931449945524,0.014722055369329,15.16839578063124,0.0102017806752101,1.530845082344587,0.034219284,658.97998
5474033301626189184,0.9237618322585356,0.0152522044934745,15.397474679544755,0.0104069245501762,1.3627668920555842,0.03900899,739.40741
5474057593961152000,0.652500579387726,0.0144985919885595,14.233053217038536,0.0101960644153378,1.103465287200847,0.02386872,904.819763
5474098409034381056,1.7908957447136675,0.0180728943815151,16.796336446922727,0.0101262252707489,2.546011737125238,0.06303491,394.799072
5474161772688667648,0.7462342380273902,0.0156901936360779,14.802738762236348,0.0108675179330816,1.0475524744040745,0.026854912,962.413635
5474264164708837632,1.3426296887609126,0.0214669003942,17.348300979255104,0.010431405472105,1.2684041999553228,0.10340801,928.757385
5474433420780183168,0.8294294521562271,0.0144892473763993,13.969086999397732,0.0101990563088689,2.056241526844064,0.016492458,486.941284
5474723073374583552,0.8414239207624312,0.0149506566990507,14.75738198179554,0.0104580186278568,1.669465996455154,0.02650912,602.588684
5475059867530158336,1.501587697579063,0.0148476976951698,15.418549853244263,0.0102543534703305,2.6360110957092475,0.034622386,379.377899
5475222182933640064,0.8753400435414671,0.0156019224570534,15.261053768412149,0.0107998417004863,1.078914506962854,0.03399694,929.248962
5475426657736524288,0.7524873996106184,0.0148539587478749,14.000788468021254,0.0104468489730051,1.7403564823185689,0.017891672,572.978882
5476087051907440640,0.8950636207991344,0.014691635203858,15.150131698088416,0.0102463067115153,1.5422269725243691,0.03313982,650.675232
5476158417084167808,0.7478641216351131,0.0148220540207246,14.457502875230276,0.0103390723647589,1.2913987908439433,0.023781335,773.58252
5476204149895941632,0.5955362114830761,0.014702305870215,13.95697544033934,0.0103224256514361,1.1654181763792582,0.017867325,860.433655
5477475941252982784,0.7773776864949141,0.0146884628487338,14.5015412424806,0.0103031543693603,1.465853094047525,0.01719897,683.862793
5481502421554066304,2.1465417606127932,0.0898343471731383,19.11878944339829,0.0131803925594726,1.333153776411886,0.1898054,921.108154
5481840968055553920,0.6536830002747716,0.0141620435879251,10.91354557921742,0.0100040664206837,5.360557247141298,0.011195298,186.584091
5486004681151736960,1.3628801073113512,0.0141899466869767,13.218368543991902,0.0100041614557808,7.056456119646761,0.010766341,141.796112
5486599448222299648,0.9520763312800108,0.014887713961432,14.99762459535092,0.0103764281914101,1.6178836789693811,0.01942753,619.68927
5486709639903392768,0.6826403913274941,0.0168415429670213,13.400169113214028,0.0117390204799505,1.1810768016191977,0.01033273,846.342773
5486881507314450816,0.7109408564906226,0.0141634919780532,9.379973545450609,0.0100017893985957,10.84443006721824,0.010329634,92.2113495
5496096514266469248,2.1523089220139107,0.014278575169099,13.686765405493883,0.01001009866593,13.081208306719727,0.01098244,76.4382172
5498958783551633536,0.6644681711077696,0.0147376501023793,14.067519031486755,0.0103637654918219,1.1141525970747752,0.013346997,897.636536
5503523646593296128,1.4858430528694322,0.0474148271248484,18.29448285645032,0.0106437638672928,0.8415507904320009,0.11884965,1528.59448
5506987413162785664,1.135571374061255,0.0408781440337324,14.957957226717506,0.0278087285892025,2.2961998031956408,0.02101366,436.403748
5509550619580893824,1.14677084377844,0.0142664869104963,13.701531408574311,0.0100594262102541,3.855594128955094,0.011841112,259.557281
5511745931986889600,1.059168877240407,0.0154735100045481,13.844547559667507,0.0108361839619281,2.6278424020558884,0.013093346,380.69986
5516242316075925376,2.135594929256975,0.0154782939102808,16.291560605771796,0.0100308448058061,6.151996130450282,0.03968499,162.624603
5516305400555943040,2.1854558978823655,0.0161890763855355,16.342337625736526,0.0101782301168849,5.585529135038881,0.038035948,178.822739
5516754310540773248,0.7657462463867162,0.0153370480608411,14.417977826632251,0.0107417027584556,1.468369447536066,0.017607173,681.128113
5518141722407803904,0.8188044240394076,0.0202095218523674,15.149203632123712,0.0138926219276982,1.0995594954009973,0.023484644,909.56781
5518357604644694016,0.8178969932953869,0.0157703456365242,14.596150921816127,0.0109282271102878,1.3940915529387563,0.017457282,722.765015
5523757271888120576,2.573455000000001,0.0148136986316884,15.468497,0.0100119313918098,16.650919156649213,0.024024397,60.0564041
5524430207364715520,0.7897512191234979,0.0432101221394269,16.634730186170554,0.0137684321096836,6.310235004199698,0.043007884,158.37677
5525138980044324480,1.5446043519179211,0.0145266751656863,14.823940951969105,0.0101422323275436,4.896352109144177,0.018735822,204.273026
5526745263459092352,0.7613766501683813,0.041483577351734,14.49736077719819,0.0282810409284905,1.209771641950798,0.018101769,833.02301
5528002108325966208,2.259772457371795,0.0155386822685289,16.172913411298662,0.0103756016676656,4.4583962326668924,0.032282237,224.310638
5532807558261666048,0.7714011608977059,0.0146284054323312,14.117673677840898,0.010280420083573,1.70361090247072,0.015498005,587.625244
5533368785920075008,0.8135808008678728,0.014149718170087,9.422696844757263,0.0100009482068878,13.849346575225468,0.012260073,72.2066193
5533993725146797184,2.5826433940034628,0.0186478516559864,16.390263580795956,0.0100301179659593,7.223416253932814,0.038258675,138.284836
5535258129153641216,1.3249881184603276,0.0149197051174799,14.21029733526682,0.0104766206450718,4.213099396178894,0.01459484,237.479889
5535332655425971200,2.058233752552584,0.0155943123795286,15.76696124882322,0.0103174583935388,4.506906070684233,0.027661925,222.023697
5536715153861392384,0.7612187680345439,0.0157703509838579,13.56161003869069,0.011006609327218,1.4266589145029624,0.011649537,698.572937
5537359398962337280,0.6465203699690422,0.0141886654242227,10.849300592991703,0.0100259319949509,5.680322275376978,0.013942384,176.086914
5537800612360250624,1.2379837226760046,0.0145377410510369,14.43305703920428,0.0102113555224938,3.5531952316082664,0.016590767,281.378296
5540182704301439360,1.0080551733136218,0.0145183663967626,14.484898210034984,0.0102055602693972,2.395562378518883,0.015542755,418.823517
5541299494574699264,2.1020512806879355,0.0153507340314974,15.973165773517623,0.0104186846932339,3.7864166564696102,0.0315584,264.095581
5542019850796945280,0.7717610059832056,0.0152541488087619,14.591560086490915,0.0106622590090382,1.347728842428543,0.0174306,746.454163
5543026453692584960,0.7751189480145881,0.0202216148160455,14.486296319572665,0.0139742512603818,1.3375323715082066,0.018649293,751.46936
5544743925212648320,0.6834939999999996,0.0141822631065529,14.346308,0.0100038555640608,89.54462398239092,0.015485769,11.1676884
5545190739243196672,0.7474538188340661,0.0141490727745022,10.292666653898491,0.0100022371600129,8.062692712511565,0.01054506,124.034363
5548696944380534016,0.8088615799221953,0.0142251632170778,12.086623199899783,0.0100466313728129,3.659874509580235,0.010530688,273.303253
5549842669856808064,0.7524261733523324,0.0146524324573669,14.44522280817189,0.0102850221443334,1.2492235404067604,0.015295281,800.681519
5550996877892462592,0.9723999498104252,0.0141610863565673,11.84910984842718,0.0100039713648625,5.974933881604069,0.009935259,167.458664
5551362018831013376,0.7616308967618974,0.0141499461868241,10.427953228922853,0.0100041007680385,9.012748608110424,0.012091091,110.987579
5551565291043498496,0.6148565848926604,0.0141605024399517,10.416832409153288,0.0100079585256137,5.37708510604354,0.013660747,185.918503
5556830959605647360,0.6618174723330873,0.0141510221376021,10.10126759605522,0.0100068116421629,9.084959700816372,0.014320939,110.067039
5563577494234172928,0.6142535151887132,0.0142955331509763,11.135395512067545,0.0100982857654211,4.028272962728033,0.014540162,248.27623
556697752349562112,1.422913351288456,0.07703997281959,19.50019618684405,0.0104329888226986,10.896729993314764,0.32106337,92.3666
5569776575151043328,0.9841890421365872,0.0141510113521026,10.899964680982489,0.0100009321003143,11.978344954091806,0.012472386,83.4784012
5571419863997356032,0.9208578268352274,0.0141524775671406,11.269090589280855,0.0100035302357249,7.395462297446236,0.011871407,135.204224
5572350703669926144,0.7480789644931058,0.0148075737424147,12.188445653716856,0.01042611122962,2.442067869797441,0.009419324,409.752289
5586826358373342464,2.1081245943233786,0.014218548856783,13.80366346712142,0.0100046711138562,12.564335861976456,0.012377932,79.6006241
558748070956581248,0.6429070895082407,0.014176443371833,9.807322401021798,0.0100219645158013,7.710189721285267,0.02086695,129.719955
5591959943803421184,2.037676251340065,0.0150210120236191,15.811407148443854,0.0100107294217007,8.484308632181472,0.033092014,117.830223
559649739209222272,2.300810750769899,0.0148612216589773,15.951729552923608,0.0100106715192952,10.729965074916688,0.032303676,93.2641525
5596794358998869760,1.8259798340349536,0.0141824197738906,13.2431767967399,0.0100033244431026,9.79783492996592,0.012786245,102.09581
5614270374768604800,1.760202172300093,0.0141884055329272,14.205477326742791,0.0100047100445091,7.030269766735345,0.016556496,142.221222
5621079886485417856,1.8177917073463872,0.0158280162976198,16.67839656197651,0.0101555661948256,2.6716430988662276,0.05263697,370.988953
5621598928996960128,0.957069633486896,0.0162758286921839,14.89521069448223,0.0113451667002594,1.4417913108864726,0.020393483,693.435547
5623091752246801408,1.8069324231205433,0.0178319947199724,16.804202278068058,0.0103601496343431,2.59048045592634,0.0522644,381.490417
5624129798602026496,0.7534077547778077,0.0699431525024206,14.662691124745011,0.0475422611919207,1.226995750059918,0.020575034,818.672302
5624494286706683904,0.7778479178206146,0.0306333444568521,14.322521766732365,0.0209600188916447,1.0320186156345637,0.017092291,968.517273
5625331801030922624,0.9175190741661726,0.0177401479182513,14.629530536361044,0.0123330036343879,1.574520736683824,0.019521633,640.809692
5627210183508818432,2.636625864970843,0.0148998029519573,15.371363742038731,0.0100098960127949,14.497798796990756,0.027195828,68.9788055
5628145180707622528,1.8872180365542583,0.0165529160971028,16.5550315589378,0.0107740345911271,2.59006368074683,0.046362385,387.3078
5628230908255821696,0.7613119114847807,0.0167831702469476,13.929690592400709,0.0117047489921071,1.2472780991885295,0.014442177,802.232178
5630923680950126848,0.6441068408421642,0.0153114276121071,13.878988904175468,0.010743025766294,1.090766480089523,0.015066945,920.150024
5631267896809815424,0.7567787706081329,0.0147372161357941,14.926385607771952,0.0103542732977671,1.2137259593033856,0.023192108,838.265808
5633028657300674688,0.7186938834450658,0.0142681531421477,10.891509328179556,0.0100767810846185,6.025871103114485,0.016503775,165.970444
5633793165777325952,0.7371850932289663,0.0156562902299029,14.754818337911995,0.0109267649693763,1.0970316115331942,0.023572816,912.370728
5635415048509654272,1.3361475779337664,0.0158948392235203,15.331788568982429,0.0110514477481141,2.111556201441363,0.031071061,473.826447
5637486047378322432,1.782812767286569,0.0197907262415764,16.613351853242378,0.0114908120291045,2.1018330087088097,0.060396496,480.695648
5638341604862008960,0.8312548311864689,0.0161271034636934,14.411616798562042,0.0112430543217089,1.285842288129476,0.029435057,776.57489
5642362656331574784,1.893824795509606,0.0169264401089765,15.618540054859752,0.0102029350690738,3.673561776195288,0.03048675,272.024323
5642433128156271104,2.2370362031514928,0.0142959744527424,15.046099378417743,0.0100189756799895,7.474236844287174,0.02598589,133.843658
5642673440163502976,0.7537124587258428,0.0151505738690281,15.007469709284964,0.0105636396914445,1.0910619550565626,0.027264344,925.003662
5644358476099133184,1.9055114743797383,0.0150639135187412,15.610532940158874,0.0103924348729094,5.514708752755834,0.027673615,181.52298
5645927513542272512,1.894175163246133,0.0143518895390386,14.35663571380436,0.0101051215041832,6.79246347824847,0.017558377,147.194656
5646368383345699840,1.998292670064243,0.0141999634727892,13.55799370624864,0.0100039641767094,10.624532015074069,0.0137385065,94.1013489
564767862756918912,2.254287346054738,0.0142725541625308,14.240095394763168,0.0100064550717179,13.878502929395918,0.01689735,72.0620422
5648105336839298176,1.9159627648032744,0.0194665748037632,16.593918211694394,0.0122763579574924,2.196917088131167,0.054429904,454.894257
5648127670669026816,2.1506460215721495,0.0173405282355151,16.464688876562775,0.0109461530358627,2.970938532802467,0.04894254,336.173798
5648566371510973824,1.0997099999999982,0.0159778558651192,16.71162,0.0100170763002675,41.37290901692174,0.062216498,24.1690712
5648701272137176192,2.112771436701338,0.0152386815000271,16.28692268173694,0.0100105458478039,9.531107050911356,0.04181233,104.931618
5648844414812011264,2.6777013312208013,0.0181128378388913,16.75812350928139,0.0100195537890558,9.565698173687355,0.061481528,104.704727
5648950174088101632,0.7344663080539657,0.0162144328050323,14.57439563209341,0.0112951988102626,1.175678931172517,0.021178108,850.818481
5649426400055441024,1.2818800714241425,0.0158360412523322,14.274749167926512,0.0110727816641859,3.9156400005388186,0.019042913,255.487381
5649438181152726912,0.7814828716186595,0.0163077500825014,14.754612542874384,0.0113326282147613,1.1322792167821232,0.030709557,890.915222
5649656124973135104,1.0386104981872415,0.0169848959964722,14.971391118812912,0.0117125957315013,1.7457156406718053,0.034368176,574.018066
5650961971124686720,0.7170776143795993,0.0161001942114556,14.436221573233668,0.0111379367439779,1.2211453419435905,0.021206222,821.569214
5655160593713752704,2.1172629999999995,0.0145251906029912,15.009075,0.010006824514544,17.63346546518052,0.024902906,56.7101135
5655313666346712320,1.9796868084587032,0.0206802752615285,16.358201302358147,0.0131135794360513,5.781719593807316,0.049675144,173.141495
5655600123487076352,1.8931475758663232,0.0175388873132721,16.348705741788205,0.0115614324395281,4.082395841002015,0.05384158,244.674133
5656039756339361152,0.8805918058058915,0.0228982059503632,13.73384621012312,0.0157243956282605,2.454655413357324,0.017622113,407.752075
5656218530057859072,1.106859697615526,0.0170359689988043,15.1067101208684,0.0115854647243683,2.178892358544685,0.031932138,462.092407
5658077220106834432,0.823980567379705,0.0148994391451719,15.30534793138641,0.0104116413109263,1.117045984224284,0.029711418,904.975647
5658800183361061888,0.6842103009544352,0.0143727975458329,14.246722327973483,0.0101093532778797,1.150620991238989,0.01988168,869.575867
5659400654148941184,1.7972063258094064,0.0170272477349672,16.71265564906446,0.0105868170421576,3.328990706491708,0.05930043,300.705933
5660955054351569152,0.8805644592782349,0.0146888941799151,13.8684744657882,0.0103223719028885,2.626494197776628,0.01716155,380.869232
5661725605844358656,0.758102536641914,0.0145856732716683,14.356532310921237,0.010181188022056,1.4467031541934985,0.022951508,694.432068
5663029076879317632,1.0739739745030903,0.0150796947915837,15.17572403603617,0.0105567862799669,1.5563099270187035,0.03252916,644.483643
5663489944049732992,1.0440502805858634,0.0148071243915658,15.005436746688249,0.0102945146511074,1.84250877600914,0.028880598,543.008118
5663949746067301120,1.1717205271288684,0.0144603982252405,13.595744258849098,0.0101699984983925,3.454460707884379,0.017621396,289.625427
56642754551606144,0.875550350915754,0.0156681826884595,11.31938794642259,0.0109966148697888,6.45344947413144,0.023526909,154.976669
5664572305871926144,1.1510275236125287,0.0145118390074614,15.121609036635071,0.0101617976551459,1.8812372296197424,0.026191598,533.25177
5665450064044413952,0.9151509269820514,0.0146389614392192,14.367238245493551,0.0102239491377383,2.195636539736397,0.021578858,455.881683
5665776412839431424,1.0086203051657852,0.0147263539557854,14.719605290014057,0.0101981124409369,1.7423722787255116,0.028628193,573.659363
5666610461128283264,1.0654323310868552,0.0148053538000966,15.226395323795469,0.0101615646874093,1.5061751184295382,0.03457665,667.177002
5666678733928676480,1.8976954710727665,0.0174854399277639,16.427828870887204,0.0102692625826914,4.908650429065093,0.055756576,203.951096
5666896196712588928,0.6213658515409528,0.0145407207263696,13.50396971032884,0.0102459157373775,1.5170228084181514,0.017035225,658.727173
5669172460659746432,0.8167360770706671,0.0143417645403085,12.81562446442798,0.0101150854413725,2.797990668763144,0.015910901,357.309723
5670121407914172288,0.8548464384660328,0.0145943191251443,15.137744459926632,0.010163393605826,1.447354097259051,0.026570689,693.648193
5670651544317537920,0.8608251678414491,0.0146168290465501,14.86183792597313,0.0101648719533559,1.382489107990815,0.03245572,729.400757
5670742219667075328,0.7203096935128992,0.0145458571418107,13.744004966541592,0.0102251071403565,1.1019410026475367,0.017911071,908.000854
5670804376433677312,0.7315898017796247,0.0144374179394566,14.270442306547515,0.0101418930857686,1.5004023744709196,0.021041907,667.807556
5671551249771382016,0.982905513775962,0.0148266989109018,14.384301654647055,0.0103450790748591,2.537820064906504,0.02585031,394.342682
5673002987372237824,0.6561526924991743,0.0150037559245013,14.438354758793825,0.0104763107077924,1.096347693979226,0.022208925,915.857788
5674246260145537024,1.2402319742356231,0.0165610680671347,15.388722984677743,0.0111369026248419,2.4894255710921196,0.04162328,403.677368
5674446989737005312,0.8412485956543524,0.0170755910677294,14.97680330985783,0.0117618911106357,1.130641741174673,0.035505984,891.212036
5674862811291462784,2.0570471787799947,0.0162883717703393,16.09863167810512,0.0105283567598454,4.038021928866152,0.050329108,247.997101
5675328896846444544,0.7391368944842722,0.0155210998938019,13.372139490915476,0.0108891673437861,2.006092550091214,0.016554777,498.355133
5676145254166338304,1.0268561435234496,0.0151328538085216,14.577188177336568,0.0105926414287747,2.590019158052332,0.0286569,385.949646
5676286330955386368,0.6890512207042648,0.0144741418811335,13.98543663713236,0.01018780864523,1.565717386187733,0.019464843,640.710022
5676954799665532800,1.985619029826692,0.0195797066292836,16.487390727683433,0.0106629658597081,3.207217042985671,0.054163065,312.664886
5677798301178649344,0.8801777639607851,0.0147102247710297,15.110077229455351,0.0101532064744106,1.4312447512327724,0.033841584,707.855591
5682269293414176640,1.011785952617239,0.0146391638095371,14.850091388898308,0.0102275441991307,2.169210428924454,0.024339823,463.381714
5682448926126651136,0.6685832561846996,0.0143979841923147,14.685427075374646,0.0101271540579936,1.0711252385134349,0.026052985,935.168762
5682979852803825152,0.9305918672131442,0.015068403535459,13.866374632520996,0.010565178075221,2.899639970519323,0.016631074,345.082428
5683181922425275392,0.7811887075793726,0.0147097047532853,14.497783673801758,0.0102785021138717,1.0628098032535662,0.022424703,940.903015
5683680550948065664,0.7010354779150239,0.0149709183214711,13.732532225363084,0.0105199970914216,1.4632908057573082,0.018232768,682.729004
5684037136313018368,2.346938999999999,0.0142032045825864,12.1573925,0.0100177859652267,74.58429896592635,0.019186294,13.4069271
5684530301638057216,2.509924,0.0148775799913436,14.655706,0.0100199344891122,22.460489060165635,0.028784864,44.509697
5685703995940609792,0.7547572664047899,0.0155399115672525,15.30766308037138,0.0107153288036402,1.09219588781249,0.031622887,931.307373
5685708840663740672,0.7610098711718217,0.0159954060531436,14.111246598921472,0.0111689362452618,1.8541929645950013,0.020534156,541.505188
5686072435415192960,1.889667986853662,0.0164009166696642,16.267483810236172,0.0103400652627658,4.266294661284872,0.055535797,233.931259
5686766192892373760,1.0546615783621625,0.0160086223488904,14.77342216786379,0.0108641873798439,2.286473960814417,0.030116474,437.306366
5687899338408387968,0.7371889423245567,0.0148374656984916,14.150907870445703,0.0103990172804572,1.2409804217105789,0.020845983,808.1745
5688332137968785664,1.0677793278587195,0.01463555951747,14.7360012861514,0.0102754962613183,2.565396138226434,0.026375283,390.810822
5688418273538151680,1.8717159507476029,0.0176353320298544,16.85666509961225,0.0108383501336736,3.3282560368046568,0.069008775,300.631744
5688726347246817664,0.6849237904205305,0.0150090739598945,15.1325990693506,0.0103817063203228,1.0019578420964264,0.03675703,1019.4328
5688926217845074816,0.8568525847979321,0.0154020604686558,14.942848477979586,0.0106724840365162,1.4433002863293596,0.024674699,694.75238
5689178658842879744,0.8772209796852265,0.0146821739488556,14.625630328018508,0.0102252296458874,1.593539074064718,0.02286746,628.084106
5689889454454657664,0.6673818406141209,0.0148839281941252,13.540359133764024,0.0104470727547796,1.4174735563120404,0.017916158,709.019836
5690019510360234368,0.928639657316634,0.0152312860972381,13.81496608867512,0.0106962920209683,3.170897315344207,0.016670132,315.407166
5690580879765586432,0.6189598253815691,0.0145757244934799,13.39369026325922,0.0102374322946941,1.3617195129218669,0.016366607,734.179932
5693544475931684864,1.013739318137182,0.0149336475643348,15.176507382591376,0.0104534724536981,1.810625385206952,0.026647748,568.158386
5695548438943605760,0.8215719208887517,0.0152321517950406,15.21658043240006,0.0105561101852327,1.3091937544196048,0.027867362,769.493408
5698604222282148352,1.9820248457463872,0.0142847385997409,14.411079201680142,0.0100156171588919,7.03811806509138,0.017833926,141.987076
5702943066955992704,2.1696602230427544,0.0174730567159422,16.97270690552236,0.0106182774407865,4.839573996090703,0.061341763,207.074524
5704713383754651520,0.8925812590750638,0.016780001732401,15.218098971937597,0.0115856686592046,1.2928186689291543,0.036314726,781.757507
5705278464012468736,1.2650320238647377,0.0166657457368578,14.96678521266169,0.0115353773085427,2.8616593641929664,0.025498262,350.880585
5705711598577543040,0.8640724055417907,0.0173929784641025,15.106698794122211,0.0119870860583364,1.3355812992831664,0.034994435,751.776855
5705869588950947584,1.170042553543973,0.0157855090332485,14.8682367548334,0.0110192645051373,2.931188752714514,0.02504962,341.163025
5709390701922940416,0.6351849985783292,0.0141481505784724,9.533509052974097,0.0100027203327435,9.104966529114728,0.01710112,109.796242
5711421847800547712,2.68054409681851,0.0195861416417979,17.106077487626642,0.0100287011824028,8.14631126441158,0.07318035,122.927544
5711454695711497216,2.0451080766705547,0.0163013409172159,16.397919403130913,0.0109024394415592,2.5845782032453566,0.050106,387.514771
5711489910138864640,0.8553594407659026,0.0151065581795833,12.558897236717428,0.0106202490475414,1.3308661794173708,0.013466433,751.364014
5719550296747125504,2.5580430000000014,0.0142445905140432,14.531773,0.0100065382633568,22.96342354134877,0.021476196,43.5480576
5729210090504151168,0.7408180753988586,0.0155282297485147,14.71081874936973,0.0108326570893532,1.1568779353227632,0.025079971,867.958374
5729437792490328064,0.7573737519921381,0.0154392141479954,14.945184465670213,0.010727869873648,1.1295331801431665,0.02646907,883.528442
5729833337503448960,0.9749861402471566,0.0154029648155103,15.348169217082344,0.0106220118647278,1.4563250662568843,0.033074856,693.348206
5730363100244653056,0.7524346206002507,0.016470147656808,15.031619720710893,0.0113602311718975,1.1389537960110614,0.03154543,882.388672
5730390450596416128,0.8758188693317024,0.015164889333918,13.678819510660322,0.0106523492342617,2.781097049749426,0.01823005,360.323944
5730543110913705856,1.044468417751306,0.0153935978995899,14.961252631006731,0.0107332651719589,1.9943743731469352,0.032784726,505.195465
5730847709994620928,0.8552497619345407,0.014859434588585,14.475199264325308,0.0104110319662434,1.5817941553031585,0.023525381,633.040222
5731655988479486848,0.7983645130305512,0.0155973733857064,14.918677776709696,0.0108308297422397,1.291607178684543,0.025778277,776.71759
5732310021804020608,0.7548100467456517,0.0148474989304136,9.861593595356704,0.0104596190692347,5.5581267059253765,0.016323445,179.924591
5732850161186651392,0.7099547677593934,0.0148409134114673,14.359687866252209,0.0103951860296202,1.1755550388286449,0.020792,849.384521
5733022406555063680,0.8173489910195122,0.0148029228518345,11.581277145071176,0.0104270561331595,3.969373951750749,0.019341549,251.670975
5733856244390971776,1.3265270648239245,0.0149488991994372,15.155758368392435,0.010395546276746,2.964990415885653,0.029298436,338.489838
5735521630844893312,0.7211154950535921,0.0144381761278363,13.865243001446212,0.0101697359559708,1.6749061676593753,0.020443952,597.787354
5735582481941449728,0.7830742221327529,0.0144027583185837,13.439413557536906,0.0101602559508472,2.419131665318576,0.016277518,413.526947
5735842615225045632,0.8390365478498005,0.0146814924873656,11.879100286328068,0.0103486976248041,5.109835418465334,0.016022725,195.741531
5735842619520749568,1.7314163736749348,0.0159351835018861,14.966116386996424,0.0103674100513105,5.079780112308561,0.026080294,197.209167
5736629762470932480,1.381105028518156,0.0150495150808823,15.630241524215071,0.0104051765603244,1.880725671431872,0.035883814,532.797729
5736672372842677120,0.863402573326258,0.0146695504458172,14.989183839841203,0.010280629736229,1.319445965392571,0.029734207,763.794128
5737047576889558016,1.7085546012209585,0.0152857209322944,15.653923321702996,0.0104374618490896,3.489048239872216,0.046180915,287.239746
5738035526742552832,0.6968496841667643,0.0148362572983869,14.684155241664834,0.010373375852593,1.1990414837180905,0.030901652,843.046875
5738066171334699392,0.9303698823355866,0.0144197035730314,12.654875254631424,0.0101733243505489,4.1952832074249065,0.016185874,238.52211
5738178046641445120,0.8035669528101606,0.015727645836002,13.487017798467836,0.0110234946628188,2.690166628078198,0.013985512,372.186127
5738249416113839360,0.685325373569232,0.0152355936171859,14.436897001806596,0.010670270228891,1.1271328141348769,0.022515543,890.605225
5738332085644421888,0.7126643220437647,0.0150811346075834,14.103416174558182,0.0105940549239101,1.3896159298485264,0.018838879,720.762207
5738916682233044992,1.2205429370556529,0.014906976704598,15.031448150936829,0.0103860019316576,2.2272515310459378,0.02982953,450.327393
5739426370296556288,0.8197692738810292,0.0146762997092234,15.31235847722066,0.0102159349990158,1.2257262322329263,0.028019352,821.830078
5739817903810452736,0.9672462889744636,0.0154090670355993,16.091701837774462,0.0103273556853011,1.017743426193207,0.050251562,1011.28802
5739860509886186240,0.7317929532534795,0.0148846742342746,12.794398128612578,0.0104744111938153,2.2303834321376126,0.017633436,448.57901
5740607348864213888,0.6048324733875187,0.0149793261589455,13.402830393469134,0.0105243444043117,1.4923390656684132,0.018203871,670.694641
5741009740055373312,0.8278484336230547,0.0145839456887344,12.776598431304093,0.0102704796369264,2.753338755390714,0.017204607,363.900482
5741732153554290560,0.9405248959508414,0.0146751749817523,14.338436361755964,0.0102990001840273,1.7346067768916735,0.03592502,578.364136
5742115951832432256,1.149608952646921,0.0145766868482106,15.525047974911434,0.0101504461921547,2.0218217108001513,0.03813499,505.147919
5742140106728366720,0.7620544395924939,0.0148488246143918,13.96108394634014,0.0104369886030181,1.920882611164007,0.017833257,522.216675
5742531429788714624,0.7285551288331256,0.0148577678979995,14.498230287286528,0.0104257449395088,1.292242836585728,0.022174796,776.182495
5744440353772926336,0.7067584846020519,0.0147626930142456,12.625114983900772,0.0103884490587943,3.0577774763069288,0.017821098,327.053314
5744674103073083136,0.8017526988013746,0.0147606897533254,15.009466957274295,0.0103266664920572,1.263218475189286,0.027379159,795.342773
5744855419412500352,0.9960107482316216,0.014564621023336,15.296120732093826,0.0101696567989947,1.661122168962858,0.028930422,603.368835
5744919740842688128,1.027798738138494,0.0150903600698538,14.741413485208891,0.0105489863908557,2.0564652753610067,0.026713273,487.082947
5745215715629219840,1.5306143368847491,0.014157442256238,12.13531280823745,0.0100024749725188,14.237729154117188,0.020556498,70.2634125
5745507597310895616,0.6514528137553184,0.0142889540512097,12.958372225309796,0.0100848080224541,1.419431414416569,0.018534422,703.172119
5745757465624099456,0.649859959744854,0.0142342219760506,12.3847276325392,0.010054083059683,2.36210719582108,0.01612026,422.955811
5745908545393488896,1.27882723601014,0.0146648309076893,13.936319379447944,0.010314812269207,4.498039672715729,0.02449349,222.488068
5746029903989246208,0.8852405687939411,0.014836910752434,13.653756539415058,0.0104316504789921,2.152219573015876,0.02169116,465.143646
5746521660564806912,0.7477892098630486,0.0144297206258234,14.699829233854588,0.0101293404865347,1.437504553810789,0.026561964,700.284424
5746591028581617792,2.321645704015348,0.0182112398650561,16.40112432558864,0.0104118019908975,4.5628239115052605,0.06808462,220.313919
5746591032876477824,1.4691147599672778,0.0148110166962408,14.197397076547658,0.0103876006685052,4.521176871628546,0.021385752,221.387863
5756320332097051264,0.7484508601241627,0.014762777770492,11.68750547975294,0.0104008107087947,3.9800183929799497,0.019868955,251.397491
5759671677898613632,0.7658631684262782,0.014533543806115,12.58237610263519,0.0102468546547749,3.2339037595991926,0.014059036,309.275055
5762024465279259264,0.7404250536190989,0.01436471879325,13.144839528584672,0.0101357876707981,1.9818854953547405,0.014981386,505.182709
5763098413261248000,1.8431154382934891,0.0158659552948113,12.73434241238151,0.0100045623365352,14.23595155149409,0.022949563,70.2227097
5765352613962285696,2.011978632477048,0.0237390369519649,16.629305205870192,0.0151179184088357,4.850534766334027,0.0522356,206.271774
5767488419595936128,0.8915628604367709,0.0180414089586235,14.81269729269882,0.0123897870651923,1.675277114204598,0.021657165,599.700256
5767509615257540864,0.733050929135275,0.0153388357288311,14.9285090244255,0.0106052565345802,1.1714216270034568,0.021001456,854.436035
5767851636389690624,0.8818892260908519,0.0168598846858278,13.16939380238664,0.0117365036196484,2.526281554497116,0.011532997,395.955231
5770114431320342272,1.3515616707767222,0.0343318805694454,17.349820937633982,0.0117824559871894,1.0987215494772586,0.08214833,984.046387
577364653940674432,0.8410489950490384,0.0144745841731501,12.077446871897555,0.0102055934860352,5.106738672749257,0.014937304,195.955444
5774477087300540928,0.7927286064075527,0.015823234914109,15.047243296502566,0.0108895859937038,1.1309933046111862,0.024795987,889.107849
5776283344387286016,0.698707830051138,0.0172121049616403,13.960423435618276,0.0119446180303781,1.183767227092122,0.014667492,844.841675
57768070343665664,1.8298258739975912,0.0486430401619956,16.034597800445763,0.0329317741758115,3.4481726568066104,0.053005505,290.192261
5777725628765594496,0.7992262352452885,0.0159601102860754,13.195440287187733,0.0111735850528278,2.8327995351704662,0.010748344,352.921753
5778665608129200512,0.6824974600834526,0.016927798894451,13.275010272411247,0.0117994853548961,1.5131714423130909,0.012388681,661.028687
5780061575581033088,1.160151240625275,0.0147335045550753,14.615936377368868,0.0103390678597736,2.7185124702224877,0.017579887,368.086609
5781130678839840512,0.9004088905118206,0.0152722266535231,15.156069025699338,0.0105842786526007,1.399903987548476,0.025121924,719.418457
5781837561738611712,0.7796591695404038,0.0165590354416405,14.14458735294765,0.0115596520999839,1.421555974657247,0.015144033,701.543823
57833147687987200,2.000143999999999,0.0141781553906198,13.0851145,0.0100026623909243,20.88332059943264,0.014166735,47.8847885
57848953167336448,2.1221127562025663,0.0156976933278592,15.549476313907569,0.0104944501582015,5.281123239329733,0.047907162,189.557068
5784937394252643200,2.202556376008571,0.0168109044774446,15.577073965304509,0.0111735082774587,5.862976583358391,0.029167715,170.496948
57854278926805632,2.0968363546315025,0.1011469624126472,16.598457217443716,0.0683351443498849,2.7769789832629983,0.08593144,357.668701
5786335526366912512,1.973948764407653,0.0147140813875886,14.289556535393798,0.0103344092296426,7.426390231021583,0.015449636,134.641693
5792051852961806464,2.149368000000001,0.0142281098272792,13.994444,0.0100052255417008,19.91145653414987,0.015597977,50.2323608
5794211980997678464,1.421512,0.0141525883821563,10.892563,0.010001024162217,19.728401446591928,0.014187172,50.6990662
5794497544781403520,0.6896106128002566,0.019190472262452,14.709020456415017,0.0132805918349971,1.0576966410689397,0.020444758,953.198669
5795699345355402240,0.7363862658466414,0.0151892788692571,12.878460294801451,0.0106689011716698,1.8996079243841488,0.018988522,526.40448
5797231102493587328,1.833649449248557,0.0158538647398264,14.448698238394943,0.0110261883304548,5.783621712895975,0.017109219,172.966721
5797553568634558976,2.033863298423901,0.0163193852028006,14.137844659700864,0.0113747581585223,7.007264052021955,0.015679177,142.692978
5799565090804175616,0.7146610088312791,0.0186421220966205,14.19766099507961,0.0129060428952756,1.0897594885694757,0.017922176,919.159302
5799706068812860800,2.1936549814644923,0.0155138218755001,15.408594003330474,0.0107191882677694,7.320114240695972,0.029266212,136.615753
5799941398663598464,1.7201333947853472,0.0169215454764024,14.853234608924064,0.0117183341336715,4.504948361106885,0.025547262,221.964218
5800722567295221376,0.7167836190686083,0.0169530299194681,13.971127952651653,0.0118082781222192,1.2784869167654769,0.014816568,783.827637
5801253322173511040,0.7779106750550357,0.0177975378902103,13.9750030668727,0.0123524986181639,1.3531634800136507,0.015602389,737.357788
5801404367583778304,0.6953510720229493,0.0156101127200753,14.487440655753286,0.0109096942199533,1.113050869011198,0.01800863,900.782593
5801872553380022400,0.6908627570535204,0.0150927404709728,13.680145216259632,0.0105950164817316,1.4804894996122848,0.012883991,676.529114
5802147396927342208,2.199679304999308,0.0169560179928293,16.863795626257755,0.0101266336286792,5.6164970966985495,0.05202927,178.174561
5802416914712451072,1.0213848716700749,0.014686090519392,13.907262125297066,0.0103304798885874,3.655854361257895,0.015786482,273.521515
5802445570738946048,0.6661095190824746,0.0146457059413487,13.421007248319787,0.0103184625115216,1.1143157181742829,0.015046066,896.442139
5803009620201156992,0.8092809196646719,0.0146041254823779,14.2591022799405,0.0102719972270632,1.927544172827751,0.016209945,519.548218
5803032125830893824,0.7587499123558823,0.0151038471187481,14.832173207866322,0.0105592486319703,1.2461760709836391,0.023155088,808.876099
5803114348683832704,0.7562854212378303,0.0153998177419407,14.89386792822433,0.0107566109752711,1.0610750775382016,0.019742137,945.862244
5803734919918605568,1.4280374713436756,0.0145616445299306,14.794743239443488,0.0102127194892271,3.0738255225235247,0.022034217,325.285095
5805753485829643008,0.8689399707285957,0.0150959078805653,13.865373922287803,0.0106024580770767,1.817915478415336,0.014932874,548.638
5806934292594301184,0.779421866692577,0.0141664258346641,9.604029871235944,0.0100133534011259,10.286003518088604,0.015013645,97.2242279
5807000641256413824,0.6373965888685941,0.014745850049091,12.199290766627897,0.0103198413881578,2.753818698919706,0.011238833,363.5383
5807502637033653888,0.7798376739278533,0.015091713778124,14.668584937600672,0.0105333269650386,1.0838340894647758,0.021196578,924.901062
5808350738459130496,0.7615653783362333,0.0152423442383721,14.38891134263266,0.0106731062640947,1.3519860845473652,0.021555476,740.45105
5808828957297074688,0.7285319888039763,0.0158585397568512,13.981703760693312,0.0110788089854208,1.4955835310235004,0.015478307,669.657288
5810406790837819136,0.7619241050453789,0.0147549869965129,14.683666638936572,0.0103658706249795,1.1793157203152804,0.02051204,849.531128
5811970468173544960,1.1594184555628675,0.0156455705122537,15.29856865239492,0.010908952495697,2.1358632600707477,0.025749778,468.054413
5812046574993848576,0.7599348882564879,0.0146643974446965,13.638547362795084,0.0103246958390325,1.3708616734756556,0.014667643,730.164917
5812560768476329088,1.712838019520476,0.0152381150734453,16.088497744313937,0.0103715682319303,3.2379289182839175,0.03770298,308.873108
5812888251141907584,0.9777523732114723,0.0147842668055697,15.257318628241771,0.0103351748657397,1.7219274163586058,0.031300075,589.892151
5813030809710407552,0.6694886463190264,0.0146141669450454,14.158722699626418,0.0102886050925304,1.0413135584811528,0.021656582,960.766785
5813083311389373440,0.9020955042442308,0.0146987101466484,13.807043687284985,0.0103497746924382,2.1596283933106792,0.015951807,463.522614
5813372620383032960,1.4581258789559413,0.0146327297442059,13.73886953146789,0.0103105356557607,5.748491193961612,0.015066638,174.035629
5814341565000987008,0.7047739722177276,0.0144247888020934,14.618817135786408,0.010150540746167,1.0774717320250011,0.019930204,932.990479
5814386026505872384,0.9510402941246648,0.0141485110436774,10.562642736233318,0.0100038182254754,10.490966320298444,0.015101035,95.3607483
5814703029453555072,1.0904729373804032,0.0166579632075207,15.249482388845369,0.0106383843276451,1.3013728356878351,0.027444214,770.173828
5814949972894150144,0.6392760937928739,0.0148697684059903,13.69147644794813,0.0104607865559405,1.520616350840596,0.019373585,659.260254
5814964507062389760,1.195107125000576,0.0149133418834382,15.082868168584636,0.0104335711092228,1.961154246067465,0.02546973,510.682587
5815169153663501824,0.8222307205544466,0.0147802951487378,14.836989705853409,0.0103557507101346,1.130250351808178,0.022731679,888.128296
5816452489892921216,0.758234819759035,0.0143766208721246,13.274336730726096,0.0101434226026943,1.9017657506024883,0.012463574,526.0177
5817122745303854976,0.8642179949285932,0.0150990910460729,14.567769324451962,0.0105867127497075,1.3515275435703034,0.022639388,740.544556
5817259222184426496,0.7935092540048674,0.0153620811327585,15.264208187433027,0.0105358099709811,1.057746595727302,0.030120645,953.901672
5817513930927766400,0.8942570241472968,0.015284200817494,14.480136811264448,0.0106781545760713,1.9047132522871757,0.02207043,527.675964
5817597047142573952,0.9421221261792196,0.0141487766067829,10.69904204492834,0.0100023945391976,12.532701110511551,0.013516382,79.7883606
5820296932304984064,0.7186533038686029,0.0153429207257034,14.10252445460612,0.0107583981176332,1.4477125779685156,0.016690806,690.813232
5820615240924038912,0.6861053879484967,0.0151859100997558,11.988436830729697,0.010673483612603,2.5903596420263355,0.011611292,385.646179
5821276734601945728,0.9592635874120512,0.0151849638283072,15.15696725779203,0.0105901919601816,1.6958709512128267,0.025886549,590.446167
5821336039508619904,0.6388022227402375,0.0150478146071058,13.424910849254353,0.0105801154326686,1.4250144682234815,0.0135217775,704.214722
5821627066492865024,0.7838828790110641,0.0149941664836725,14.909489466197892,0.0105152450082791,1.0910929884859577,0.023475656,921.316345
5823588835764285696,0.7043410852922192,0.0151894397361167,12.666718998294336,0.0106680290256388,1.4688656949781016,0.010925664,680.991211
5823641852843481856,0.7741106121427275,0.016381949312725,14.816736544747243,0.0114126763317155,1.0920269220764285,0.022099374,918.125
5824115364406400896,0.7101247277249857,0.0151848786421609,14.57157638904362,0.0106421474139941,1.313751226759451,0.021152103,767.580627
5825446976062016768,0.950764639602264,0.0149146597781071,14.17954044224258,0.0104828953685046,2.382193001150251,0.018241022,421.43924
5825602316437571840,1.944064983172209,0.016474949751522,15.99226850780357,0.0110207988111744,3.76609068286357,0.03962009,266.196716
5825880355444299392,0.7604112302238101,0.0152098915357312,14.664979350233862,0.010656123056009,1.253036038944377,0.02183037,800.188477
5826557272338014208,1.0328969443619989,0.0178760888819031,14.953916554725463,0.0123912033952282,1.9328900516201768,0.025391359,520.944397
5826951550324789376,0.8412510058087812,0.0172337721277561,13.560908437247289,0.0119993928684159,2.2248786463008456,0.015600246,449.338287
5828559762192183424,0.8787593209618025,0.014781165406685,14.983471494525087,0.0103610095851797,1.3996347324903773,0.02608739,721.432251
5829246682089184000,0.6657444880568033,0.0145058952858559,14.379943825851855,0.0102112207898552,1.1269127846435685,0.020373875,889.413452
5829854712032105600,0.982758011832498,0.0153009146713895,14.812892586769593,0.0106917961419587,1.9447873628175012,0.025662135,515.912598
5830162300396370560,0.6891393158057533,0.0146560260246877,12.954439875716076,0.0103279033361478,1.5683925234838272,0.018195972,638.187378
5830550977751830144,0.6777515511250518,0.0144171430770711,13.411934539558514,0.0101669776373793,1.6960688134806792,0.016090646,589.866638
5831427735218846976,1.8686880000000008,0.0141696908874555,12.803566,0.0100014569568809,14.739112194506577,0.013368921,67.849411
5831641349712805504,0.8078819756067251,0.0160434861780512,14.271429682212364,0.011196791405543,1.800595241476568,0.021720458,555.910828
5831873862062200832,1.477216259742599,0.0165040510555739,14.994855079750389,0.0114021916643257,3.1265660619583873,0.030273326,320.081207
5832125444085502720,1.239346932746938,0.0162802604405152,14.946036332778048,0.011343989618978,3.228739973510323,0.027939178,309.161804
5832597409430845568,0.6671362198748787,0.0157246360433956,12.727939901891714,0.0110001734515429,1.780369342352616,0.013324621,561.921814
5834125558843677696,1.758591314063021,0.019256909453225,16.598296399021123,0.0126308838342319,4.361249389047502,0.05826141,229.387527
5834576873969539712,0.8662337900577958,0.0190328715095896,15.09317936647845,0.0131278439034892,1.16082153300481,0.03184562,870.652161
5835058185197834624,0.7499911769522476,0.0153685979337602,12.804680375581896,0.0107643103907135,2.3536743098086763,0.014824992,425.207581
5835982702728515712,0.913989345283161,0.0170379432414114,15.064634831545792,0.0117180368420296,1.468108439521668,0.035824183,696.654846
5839448706864448256,2.9763610000000025,0.0150615766562512,15.4705,0.010011694780772,21.674947496776973,0.029407755,46.1324043
5847944186547865856,1.0731297790647885,0.0166859398051695,15.01813894111893,0.0115149582470222,2.199819079596199,0.025803968,453.922546
5848241879326014464,0.8279433917903363,0.0942268069417935,14.914622218214468,0.0639933555626156,1.193617653766878,0.028267026,843.039673
5849272740218392320,0.7251969920860526,0.0804036234311542,14.503573265752776,0.0546238659765627,1.191768771467781,0.023491805,842.95813
5849616681206302080,1.9253713602812803,0.0171867322739943,15.034276768188692,0.011269440124179,4.994940462856552,0.025876252,200.413666
5849806518767738368,0.9303578612120356,0.0894340138842287,15.018530265124204,0.0607588932688657,1.4044047698316091,0.034574244,717.963074
5851094459163495040,1.6284795371330092,0.0172479746116527,16.039813277961127,0.0116954017011977,3.48443029426037,0.04147508,287.562103
5851140947932809216,0.9658100601023616,0.0160180264003615,14.840229383585385,0.0111589694296251,1.8367565104794372,0.021898039,544.889526
5851282784943456640,1.9536235983314088,0.0141767081516849,13.316295726594388,0.0100118526099786,11.028727171193854,0.011978283,90.6641769
585634428786465280,0.9311799019365664,0.01430259221381,12.421611720648793,0.0100969559537959,5.228458907150125,0.012366403,191.087051
5857824398075080704,1.952034360191205,0.0180766662331991,14.628773557362855,0.0125474732689138,6.031064570996614,0.019897826,165.835876
5858769737575407872,1.8942053721320449,0.0168756333062127,14.998238943370906,0.0114807839492446,4.400769351578196,0.026418544,227.438095
5859136768320451456,1.9188905437373336,0.0192932166270528,16.38122820341103,0.0107891100725289,7.376458452002386,0.043501854,135.720139
586031799160623744,0.7859003566297682,0.0161260350496915,14.336722482762438,0.0112749059802238,1.6892876715747651,0.021748314,591.782349
586200127518888576,0.7777164328183703,0.0150703796932798,15.05905866342299,0.0104980661113151,1.1562741183111909,0.02952926,873.868713
5865114160233302912,2.199738636034075,0.0172034308321951,15.7553630577019,0.0115681150106417,6.571390192687065,0.031227456,152.23497
5867690384603485568,2.36241648515999,0.0173796554536659,16.133604060027196,0.0115913067163078,6.1612335062568615,0.04907116,162.561157
5868033329175311232,1.0724741109722606,0.0202540664098605,13.687828972293254,0.0139061846325596,4.136034296423366,0.019925218,241.910446
5871156663747079552,2.2718604215530456,0.0146193658862001,15.789821352555332,0.0100670113819973,9.007733418798823,0.036942672,111.009857
5871837192729776512,1.2510037816646058,0.0176147509332217,16.15574844245369,0.0120274130133046,1.565021318217437,0.04918652,670.473511
5872888188387945856,0.7846510573212848,0.0778238565662708,14.844475621613787,0.0528513131258667,1.1863836438212751,0.03369093,861.765747
5873839403352594432,2.4043046357315165,0.0176257685728592,16.422082400949556,0.0119650547597967,6.7606920580648655,0.05061914,147.977325
5874997498363985792,1.6520978590920667,0.0188602053789527,16.193687307079035,0.0126388938361927,3.347898763319461,0.04621602,299.968475
5876075638280161792,1.35713145580144,0.0208411520630659,15.330935129848273,0.0143207173118853,2.784258040506917,0.03208888,359.891663
5876452564612347904,0.83724415289654,0.1385968977193928,14.725022049964576,0.0941150913395593,1.3718515686223005,0.030968066,735.838257
5877116257265753856,1.6479093371520803,0.0151297254252058,13.85882123005567,0.0105914318440516,5.752687819271606,0.01767994,173.758957
587721508014285312,1.0189309831273177,0.014654556665173,14.71698830917059,0.0102807321462431,2.353378089141752,0.029702507,425.394623
5877972909937349888,2.1288438386150155,0.0188495268791393,16.134418115417063,0.0127924731626039,4.017175022214483,0.056211136,249.839081
5881028354022629888,0.9474428121785544,0.100660237788847,14.888120315517869,0.068364646232556,1.1599911072794504,0.033167917,868.083557
5881065153300288768,1.934476798572196,0.0142384104065571,13.025787784681503,0.0100053714780875,12.215802309869716,0.017425653,81.8502579
5881277152868847872,0.7821696380577209,0.0175502555958509,13.982161892076372,0.0121880507110071,1.924581230457025,0.020689286,527.230957
5881754890716741632,0.8917567649329197,0.0199518698464811,13.59885681000502,0.0137909099971663,2.56812800151706,0.017093487,389.81369
5882151127189078912,0.9459743747573984,0.0173324722851882,13.971827703834355,0.012036376527631,1.969650116161111,0.018162884,506.816254
5882721533190304896,1.9285911122979325,0.0189717391936291,14.227672076520747,0.0131588391039564,7.709066633862005,0.018206343,129.753479
5883682437594373504,2.5773258982819547,0.0153213592180127,16.004942357734777,0.0100404461178627,10.71434512731422,0.041805062,93.2750244
5884226764645917056,2.332500999999999,0.0143592997021081,15.25257,0.0100060299403418,14.80879660853511,0.02783334,67.5215836
5885134136555304320,1.734363,0.0141714703023291,12.140178,0.0100011901594362,32.94766316035455,0.013487336,30.3488045
5887168267468821888,0.6902826473068628,0.0455066895906669,14.249372917009962,0.0309345378748775,1.0676826803594004,0.027156828,950.585144
5887225064127492224,0.6349204943754508,0.0169704599265031,13.5619862168577,0.0118101160512205,1.2818463412581016,0.017705623,785.36676
5887752967131900416,0.6777506946541635,0.0159728313807984,13.466558791966428,0.011151571895027,1.3584909454319718,0.017112495,736.999084
5887907311081101440,0.8718351220447934,0.0158258974670634,13.45862168351899,0.0110528610774618,2.987315823269713,0.01626131,334.658752
5887916691290369024,0.8312909982830781,0.0173760099993822,13.98725095313644,0.0120747767435886,1.8402646266949376,0.01986563,544.814575
5888307395870038912,0.7874532552387222,0.0171416236966764,14.795531401654609,0.0119152949413115,1.3661579436828049,0.028560346,743.941467
5889099765819473536,1.408890486293587,0.0168787374115747,15.4233183091662,0.0112741771709185,2.0166660175169007,0.0373503,497.56662
5892828140988471936,0.7135145480168392,0.023554057446697,12.513395487615703,0.0161534706022498,1.6871187081721042,0.014373087,592.93866
5893461081752837888,1.2760790473488623,0.0220962088645306,15.168835952441288,0.0127229471409305,2.726869255228805,0.030689992,367.050659
5893918100617355648,1.2148861655510952,0.0163220024354935,15.427770405859112,0.0111655643778553,1.4685624131318955,0.037161753,688.378601
5894801420756930304,0.8094416863049033,0.1377160147670574,15.081863705797987,0.093511748190378,1.168554859281496,0.030168228,859.599976
5894939787423753984,0.8114443647020186,0.0720224006790943,15.09976887348642,0.0489410244457176,1.2276877671841429,0.03121475,825.769226
5896815313730237056,2.440685,0.0143678262590926,14.331645,0.0100128327121165,22.465750281414785,0.022533352,44.5031013
5897726186087792384,1.9970457785615108,0.0240544061296948,16.410472923208314,0.0147823246852672,4.180184462568593,0.07221981,239.60994
5898064977421365120,2.334735301075368,0.0199595950485753,15.971893783410325,0.0135410883800511,6.071234510418099,0.047372982,164.513885
5898140087811672832,0.682952024106034,0.0369183138742399,14.040131951621452,0.0251840245521519,1.2168254778510672,0.021075055,825.347961
5898202038415745792,0.9607537654175052,0.017506658724154,14.80033967291625,0.0121450002922966,1.9667171676653497,0.028213039,509.012482
5898351056598870912,0.7334985267798244,0.020140995671997,14.245720202492208,0.0130879819411814,1.2649492725005702,0.024531197,796.671448
5898415648595376384,0.9903113206057444,0.0448534987589358,18.895192614910243,0.010325315603412,11.874153782402187,0.3117428,84.1618195
5901348870742263168,0.6610532671270911,0.0157093965035667,12.557022515165317,0.0110012797154456,1.6613358133252127,0.016735803,603.450867
5901558847424832384,1.771229418459329,0.0160578324746611,16.324265407177748,0.0107279750817763,2.564692930941158,0.054982103,396.002441
5901749028572753664,1.6049553506905143,0.0162914291423507,15.895372367299794,0.0110723835064107,3.005037093638824,0.05165281,332.927002
5902058639859417216,0.7062542712966847,0.0160689227064798,12.753507054607956,0.0112182037728243,2.728226053836311,0.0221579,366.787262
5902190826097386880,0.668013245943189,0.0153568701782587,13.57792103885999,0.0107718201200617,1.4426976950819477,0.022828627,694.771423
5902315448869019392,0.897257262561439,0.0168907644474767,15.345875547605267,0.0116907873698228,1.3096644999661748,0.036642265,771.366821
5902636884220535936,0.8082271838706065,0.0156213432159838,14.7382667580482,0.0109109157611745,1.4011129924592651,0.027493222,720.937927
5902811294253272448,2.046528435098836,0.0143283327349179,14.920647463179131,0.0100147431288851,9.781118012244937,0.028564254,102.315437
5902860978427627136,0.7046083938909212,0.0155826309772734,13.276490505520428,0.0109068156951543,1.520561388884574,0.015390406,659.036438
5903119672901443712,0.6925142585348663,0.0152429773924158,13.482235668242156,0.0106954997644229,1.4827799469241705,0.016403036,674.758545
5903948017457218944,1.874987757573178,0.0177709028533487,15.961221820157965,0.0120153112953789,4.923143354466733,0.05018517,203.747803
5904652666972490368,0.8561042143793895,0.0159368580109483,14.472507993087987,0.011117100181075,1.8980773439880632,0.025459547,528.644775
5904658851725491200,0.8722336612352967,0.0328030513146446,15.22913902594346,0.0223288081382993,1.0298639115048518,0.042568326,979.940552
5904660329193850880,0.6361439268270382,0.0215581275739237,13.836800688296693,0.0148736606983693,1.0806639988640248,0.017973043,927.161316
5905564780585320960,1.7702706851288494,0.0163799671645922,15.126298185391432,0.0112568904354854,5.552394724806031,0.029768813,180.234985
5905904838916209408,0.719336860264919,0.015188428002664,14.798676306898358,0.0105555473057385,1.1401646499101512,0.034005955,882.098938
5906279497500647040,1.067450735822184,0.0162280353222882,13.759948594585236,0.0113358673936388,2.905646148775438,0.020326994,344.270355
5907421645262433792,0.820235021363462,0.0160818343725833,13.665643309578138,0.011119089394626,1.242433705684026,0.018046727,806.053894
5907587641462169856,0.9703389376282012,0.0152317793474907,15.064870004330874,0.0106011438162698,1.7772541360207248,0.031895425,561.12207
5908048371188505728,0.6176304298142951,0.0153552247800941,13.586121482139175,0.010766229616845,1.335328519092271,0.018880762,747.757324
5908116678349559168,0.8618697257603886,0.0159440885702596,14.044567747275902,0.0111370425045219,2.350886658644729,0.020596659,424.680664
5908847028944990848,0.695967815077217,0.0149581254729971,14.353201787157198,0.010499479260924,1.142231983171921,0.022144232,876.512024
5909153105495027200,0.9205293345219916,0.01450108135042,13.879013607597702,0.0101936220810756,2.4919018512445508,0.017631693,402.077209
5909406233688134400,1.9822443180136704,0.0171906200367377,16.426970387198033,0.0112802430378412,4.4935020741822616,0.05471938,222.885971
5909700731007234176,0.6736097303549478,0.0147605940987988,11.631336890435966,0.0103960206002354,2.6773103619132694,0.018255934,374.293671
5909737736445515776,1.8310700479092443,0.0162405627358572,16.15898764358449,0.0109809757778355,2.2755819270064768,0.052437373,443.947968
5909794636173694336,1.0749413394409948,0.0149244280471667,14.330956596413907,0.0104882582745861,2.6532516682685476,0.020569645,377.280182
5910179259085758208,1.7493197293271676,0.0141839782683308,13.42273940057902,0.0100150113466835,8.156439513962635,0.014638684,122.627594
5910275363272862208,0.7778995137046202,0.014340587102701,13.514408501968388,0.0101096460351121,1.4295016242764644,0.014930938,699.512146
5910426339962686080,0.7624398636541772,0.0143136227422109,13.977552568821176,0.0100864324461124,1.9523852442060377,0.018908398,512.703308
5910687366596285184,0.7554997362703021,0.0146046820914338,14.305285855731888,0.0102689469056624,1.327418167477743,0.019750742,755.200256
5911214311842784128,0.8467550597839402,0.0147238220430538,15.072564207432274,0.0103372412517999,1.2951547531198684,0.029136933,778.041077
5911249461855908096,0.8708217013242576,0.0158455576964693,14.799074773232055,0.0110841594524431,1.5621498181075133,0.02862217,643.859619
5911790833893730560,0.7729749928952153,0.0150297011415808,14.286462368993522,0.0105369068766623,1.2560671804394554,0.020463381,798.265503
5911795163220886400,0.7325317715668513,0.0148575701434784,13.897355294833524,0.0104321317298855,1.3728447563641324,0.018793404,731.186707
5912813654587851136,0.6813855070854229,0.0149305236176303,13.840623649129292,0.0104930801618967,1.5094288118294452,0.017470542,664.27002
5913146222504615680,1.8774157239361295,0.0150564531026525,16.436338564614054,0.0102315820025115,3.4293698104437307,0.069230884,292.909882
5913496623107476992,0.6872531314002626,0.0150343059800413,12.967631439890576,0.010573273354718,1.5162472999333425,0.016173096,661.161255
5913652788116966656,1.1249931136752285,0.0151187413825895,14.55711926075001,0.0105800272226068,2.581465941246026,0.023202533,387.262238
591371268142899840,1.5166975877002191,0.0145756630083812,15.233016648173058,0.0101287116314585,3.0326711515288087,0.03241923,329.50531
5914035521247330688,1.6662969229883784,0.0163197390119553,16.664186700333726,0.0104424828920121,1.9068910497960545,0.06307455,530.260437
5914324486647600000,0.8248502152267846,0.0154603959176612,15.018261298580953,0.0107797735441204,1.139744328688686,0.029732764,883.84021
5914625924634597120,1.079914488362972,0.0151505388960782,13.62417189786534,0.0106130251372707,4.157305313706212,0.014918719,240.536301
5915450524006169344,0.6778622636053329,0.0169446251500748,11.2863651839821,0.0118335438330758,4.169983885588459,0.018825136,239.768341
5915650287203551360,0.7101312501597117,0.0147280555258829,13.695222566285745,0.010349391265406,1.6337573269431798,0.01597862,612.688904
5915799996892131072,1.0639594782213262,0.0149761774293962,15.24798555282476,0.0104438057478047,1.6158832488889905,0.032463968,624.684326
5916247669928337536,0.9980494154106476,0.0153889162269579,14.75298302362954,0.0107352370587769,1.8409561867886213,0.025589641,545.384644
5916631846161241216,0.8820523570415135,0.0161920117639421,13.889607085243956,0.0113120322711616,1.9571506047410223,0.019116454,511.43811
5917054505313536384,0.8202153292226799,0.0164312394518886,14.080044386820084,0.0114513184882282,1.277268319170216,0.01961112,780.200745
5917403497180163584,0.718000374720198,0.0156623743829706,14.19378834056716,0.0109230588799438,1.2513900198419785,0.023255812,803.60321
591757402882752000,0.8143291630597416,0.0143669552565133,12.391913711026966,0.0101382993527623,4.235914026027193,0.016131947,236.210114
5917604639090438272,0.7416617327358732,0.0162451491263877,14.865576976098314,0.0112307536143781,1.1199454463499257,0.030571701,904.055847
5917748709441978624,0.8827692110031313,0.0154392354789089,14.811372122231164,0.0107338686720965,1.343337864657089,0.028053131,742.052734
5917798148810591616,1.91850637857683,0.0146181590239119,15.609850178443386,0.0101184652223448,7.945149856201716,0.044370424,125.806038
5918065781108993280,0.7190995089624851,0.0157593995818991,13.564131655136563,0.0110243271374188,1.5393681754618322,0.02008767,647.682312
5918135909335481472,1.0927899189789207,0.0153198633117868,13.505110583715176,0.0107431585804547,4.663476720862011,0.018353926,214.5867
5918245585619945472,0.9457483667982648,0.016170368952693,13.889012255215087,0.0112810187484183,2.1264471594862027,0.020825628,471.122223
5918754517763282304,0.7006971989601599,0.0150814009084428,11.91304807501106,0.0105946202869797,2.271877084397908,0.014713814,440.197357
5918765792061510144,2.0655075000000007,0.014209167756067,11.279728,0.0100061758530029,40.58399909729695,0.017960997,24.6441822
5919108427365266816,1.6512558688808614,0.014351581388766,14.007039483164649,0.0100917914730565,8.323709891706557,0.019728702,120.205864
5919369904986356992,0.6981301107066848,0.0144612717724974,13.704476020212049,0.0101880272003163,1.3832466268493249,0.020527085,725.061035
5919628668174323456,0.9856425919462842,0.0153009070613682,14.60937175313709,0.0106721685403968,1.523090129584294,0.022932133,656.940125
5919749678870640128,0.9139508320217182,0.0150246185997736,13.847516515654082,0.0105393947084169,2.762645640248998,0.019133516,362.036499
5919860493330607872,0.9599779663088002,0.0150747993196342,15.248089647500349,0.0104098321417189,1.5105561585343443,0.03341346,664.570374
5920428219284060160,0.8466267642410814,0.0152504006992328,15.1710714454872,0.0105108843588396,1.386167499156125,0.029863557,722.889404
5920977081744792960,0.8312223986352764,0.0150163453602211,14.233553778506622,0.0105294680689367,1.803834662499581,0.025252968,557.358398
5920982746799347200,1.8528980781305855,0.0192922649628792,15.974572037881432,0.0126134696033016,5.162865622107685,0.05180688,193.399399
5921190215192821248,2.357487817756084,0.0187049871453091,16.73689387944201,0.0112509450496011,7.159769490817864,0.06436698,139.982727
5921280546957750784,1.1451016568709855,0.0167154271494723,12.8736515732959,0.0116779358854477,5.963886059422845,0.017902806,167.558228
5921595247806075648,0.792626345520036,0.0156250751075345,14.39005520487968,0.0109051735354165,1.108624280676166,0.022461606,900.525513
5922756705733916416,0.7571424945853649,0.0153737222131837,15.002269831060175,0.0107003478822343,1.189951721365931,0.029713498,850.538147
5922957577070379648,0.7925665206159168,0.0149897323878636,14.338627053912733,0.0105131012700377,1.4206759677965604,0.024271186,704.63208
5922997258257534592,0.8699559224082576,0.0151792212551781,15.220988185908269,0.0105644432369069,1.388747854817973,0.03395434,733.077698
5924057397951206144,0.706236568861065,0.014874982607923,13.33849024535443,0.0104360082138292,1.815175104423397,0.020055128,550.684753
5925435773219361536,1.8454186382745272,0.0142032629435003,13.594875831957877,0.0100041859606038,10.035374743978508,0.01813179,99.7467499
5925563655837598208,0.9411079442716964,0.0150442828650933,13.361873489177649,0.0105577877908038,2.550758788091961,0.018828241,391.823761
5925821048967009408,0.9073734200250508,0.0163541772998057,13.580761556658029,0.0114254486830945,3.108194352056516,0.01866838,322.044281
5925920142460787840,1.906603247074395,0.0232017337594748,16.51304965119055,0.014504396843783,3.7908349297121497,0.06459736,264.872101
5926495736764174976,0.8320555004598951,0.0227422155020219,12.852737157052925,0.0156616441476865,3.378628149287324,0.015789676,295.802216
5926543153239130752,0.8610329070023631,0.0326559810645039,14.750240691585628,0.0222453627275468,1.0701290209029226,0.031569056,939.398743
5926816691095789184,0.6437776827395829,0.0164480465241275,14.30085729947102,0.0114792106058251,1.063543428290113,0.020940261,944.82959
5926899120106665216,0.7279790801112995,0.0152960502556134,12.46768750897776,0.0107380150540417,2.326452827729714,0.013741597,429.686127
5926999210029749504,2.244152236126268,0.0144831342766261,14.863581654488192,0.0101227288677846,8.212469189086747,0.028700016,121.805534
5928621333295212672,2.1330832756856695,0.0148427448754177,16.084333809966086,0.0100343940454701,9.11023811220984,0.04307885,109.688667
5929288393209711872,0.9502469256887376,0.0184653167534935,14.39417740888236,0.0127725896022322,2.281220591597184,0.022902168,438.799133
5930154293028048000,0.7943898926982321,0.0353714467089099,14.692882972975555,0.0241318399525277,1.0458412282654224,0.026128672,962.944763
5930346845016757888,0.7888666759406857,0.0157958813864785,14.720478930550122,0.0109572426691886,1.148508183293302,0.02941901,869.503113
5930685941273837696,2.327141767246943,0.0145120522554564,14.768048618299847,0.0100441160402944,9.11960183623074,0.027286572,109.655281
5930690442399979904,1.1553664478344203,0.0173804241191611,15.092616240535977,0.0113976843253058,2.1359683590350707,0.0352078,474.582916
5930822555598942720,0.7628478316758049,0.0190625554943558,14.697613824920609,0.0131107051957441,1.2670641921579688,0.03157218,797.893616
5931011735959041920,2.3972220659183257,0.030876078494615,16.284793578715636,0.0208046491094133,5.274100052812543,0.058598638,190.049057
5931067231314889856,1.6709262670399192,0.0181527158349951,16.084566655434617,0.0122473357278705,2.1892804626769595,0.053991605,460.979004
5931301289852084224,0.7678507868462147,0.0590455531991262,14.80698675259483,0.0401374332871903,1.0647276357777269,0.028928982,946.930786
5932106716425361152,0.6643028543093832,0.0160938094555805,12.70409511150146,0.0112542337639645,2.204765693196303,0.015002083,454.306915
5933115032977625088,0.6977843899556561,0.0161624942639543,14.06448840357146,0.0112946145369342,1.334562486826333,0.019751808,751.56958
5933747737585237120,0.6992957708880153,0.0170828288406579,14.565775421865968,0.01186349160305,1.208588368883413,0.029164309,826.063171
5933914451052887808,0.7033622288327395,0.0159420428034845,14.063658873000076,0.0111365185368003,1.352599801417024,0.023061693,740.910278
5933962412848876928,0.7618953385571774,0.0151354164150449,14.42685731506444,0.0105976179579945,1.4694668023756925,0.0285327,682.998169
5934239700313238528,0.8860791525165745,0.0159297614747536,14.81334890880285,0.0110772162576571,1.3092470217105223,0.029625272,774.715637
5934866834223145344,2.010607706396464,0.0198861871006865,16.338451727231984,0.0133670162436118,5.401744160949991,0.050430555,185.479736
5935286710202301696,0.9136997745794732,0.0187710058864077,14.863335924075557,0.0129722810923919,1.271440197945107,0.029577417,792.446899
5935526300650599424,0.7326416175075161,0.0273415329054059,14.310280024729854,0.0187346005221688,1.2626233142237169,0.023629174,794.680481
5935639790871869824,0.7120302671691591,0.0168143969870078,13.634894176262632,0.0117160470773273,1.5132246100199056,0.019276453,665.061035
5935651988558037120,1.7685322564112682,0.0141636760401717,13.674151463216688,0.0100014107371129,13.701733270018853,0.017887652,72.9689484
5937259990036119296,0.7273625368486052,0.0179581090130545,14.333528887587288,0.0122648945827449,1.2094916130614632,0.030403765,836.43927
5939589644636507904,1.9335794248251843,0.025395270345329,16.70052251619146,0.0158091102227664,4.441021621623512,0.067396745,224.6521
5939876896352758528,1.6291466263633851,0.0201689351828482,15.49343983341577,0.013654022475296,4.425198701366652,0.045394495,225.722565
5941161297752286336,1.1783085429057367,0.0181279742653962,15.244228111023308,0.0124806187594127,1.9053151853535295,0.033041537,526.251831
5941439542914896384,0.7515841423419001,0.0162762460114621,13.955316751350509,0.0113546892518674,1.584931003272042,0.022305852,633.265442
5941926179912654464,0.7628698173704929,0.1195792427887292,14.337039438027409,0.0811992034851121,1.0212980193840515,0.026170725,982.535461
5942046920028437120,0.823297741575164,0.0181358188392608,14.21765821332398,0.0125709551866177,1.445899197183618,0.022993864,693.924011
5942080352058798848,0.8072433902780694,0.0176836075308497,14.248042329126868,0.0122399841212406,1.686557320814931,0.026441546,595.322998
5942104128999055104,0.9902379354226252,0.0173578666078756,13.926102234984144,0.0119974401266008,3.041517651152552,0.024807803,329.689453
5942217344345343872,1.0175728318175477,0.0191048021411198,14.417935646014636,0.0131701658187277,2.684781474494316,0.028736664,373.07959
5942248371137635712,1.9096960000000005,0.0141616187562029,11.654318,0.0100025309117336,26.05275052111876,0.01717347,38.3877831
5942430924458875264,0.7497192036062106,0.0176849741408002,14.04998890228886,0.0122328176286546,1.359077054174939,0.023606392,733.472473
5943051388283266176,2.1400077652676024,0.0230726798631487,15.705398539457962,0.0156945094835847,5.849990793042917,0.043044332,171.081894
5943585098096794112,0.9348167725402948,0.0187649898505225,14.315276926233151,0.0128698070656386,1.8188415146273975,0.026844615,549.122314
5943625367712730240,0.975473763195538,0.0180392278537459,14.570990965281547,0.0123802640248537,2.136530516193106,0.031137982,472.059235
5943930349098720128,0.7417452064648817,0.0604447068381635,14.901080079662936,0.0410475894442509,1.2090564943151054,0.04117514,849.760376
5944618059221953408,0.7993860373387939,0.0191931447398819,14.502510269879682,0.0131262844015958,1.3469511532680822,0.029003514,743.737732
5944722203593136128,0.9208132630556528,0.0377148927268776,14.116868747096634,0.025577592737808,2.17334448838788,0.029052395,460.728668
5944744193816973056,1.637714960930348,0.0156479913994936,14.117121169912942,0.0109381167517762,7.19177571093148,0.020437218,139.087677
5945718498560045184,2.626104999999999,0.0146412834906431,15.279083,0.0100150492679692,21.07183554632562,0.03064733,47.4398346
5946055258356186368,0.8902980361505934,0.0158607990138945,14.677025553324013,0.0108626430759417,1.753251746174911,0.026410097,571.296021
5946337351815802624,0.8364305176400243,0.0147260709598025,14.752003681399463,0.010307121496519,1.4745527575318536,0.026253318,675.954895
5946546946217480448,0.7280499560199702,0.0161140440379972,14.86179865084687,0.0111973842395448,1.1022451044033184,0.02841097,912.022888
5946919504552312448,2.128994075913373,0.0146273652380074,14.768592069965257,0.0102153734501039,7.186828296533477,0.022586003,139.227264
5946939437516777600,0.8104995390554215,0.0148495972786478,14.422812269527183,0.0104183921561268,1.58779636705326,0.02548356,631.450745
5947266782729677440,0.7310529663637213,0.0146508005364622,14.359408671818343,0.0102864798347479,1.1029017545200712,0.022827454,904.785889
5947367388049522432,0.8142800095644247,0.0152560794398146,15.127411633284096,0.0106172092872617,1.3176064875435176,0.029777754,767.014954
5947977337810520192,2.002063275543251,0.0188036164626347,16.925182063931295,0.0117866141307899,4.9841126782260625,0.07251905,201.716766
5948327296067207424,0.9248941195223452,0.015105877507542,15.18352930339741,0.0105380371508715,1.3417835690105997,0.03301304,755.399902
5949592760909750272,0.8911525515620081,0.0151954069042705,15.05928457671289,0.0105574711143437,1.5531904186407224,0.045300275,664.696655
5949663340149013120,0.8161046698858071,0.0160987526524437,13.981861604212837,0.011233461546455,1.1869466091018572,0.022558134,844.399719
5949932166403288320,1.1110966373633695,0.0149976674221533,15.376486713994428,0.010477230295923,1.9122879054726465,0.0343263,523.921814
5950034283543819904,0.7008097124357032,0.0147219776289443,14.588285646759736,0.0103172938158101,1.230635797744603,0.022524063,819.088867
5950326345664116224,1.0711995394285725,0.0175169700036277,14.75334649784296,0.0121295360474021,2.5431228460938793,0.025563892,393.078735
5950533603599767296,1.7046799851444752,0.0191099442205342,16.146916087842595,0.0127592465862796,4.032543761276573,0.054108772,247.917175
5950913484876998016,2.1842333066624353,0.0262813828240714,15.918488363091194,0.0178842931596477,5.1742925239530235,0.04609607,192.945328
5951473892210045824,2.086674423305659,0.0154942299149557,16.77340575299798,0.0100252885958057,9.019596198962246,0.059311725,110.955627
5951533192772377856,1.0296477554446115,0.0152309163172771,15.33861097589782,0.0105333254232675,1.4136677405248386,0.035383306,731.896729
5952032719009342464,0.9671459984859048,0.0168170087208237,15.06231401889922,0.0115987873265152,1.4576176126154905,0.038481336,688.345215
5952240732855081728,0.6795179513683919,0.0214141070163633,13.683021105640828,0.0147831386228881,1.138733750257308,0.020717192,879.267029
5952304813776922112,0.7766625196342722,0.0350877699989713,15.19907323968872,0.0236657660794293,0.9740748494345456,0.03789869,1040.32056
5952755643548486528,0.8457427992416131,0.0188478619500771,14.351720877970058,0.0129305595510878,1.2929133105216024,0.029512698,769.251099
5953356015601842432,0.7427829144206746,0.0163986949078705,14.479728301399303,0.0111571533058201,1.2742836313284125,0.033135757,789.606873
5953356664093058048,0.6997375485134825,0.0679837913298611,14.142771168951908,0.0462059191270712,1.0537843573381798,0.02906569,953.503662
5953543035623667456,0.7508850658782754,0.0175221184632774,13.68695586919603,0.0121339111888047,1.5315281214661267,0.020698488,655.811584
5953692569221535488,0.8208252838233139,0.0313580125540444,14.94288141146875,0.0213601177177247,1.152198686972642,0.03208066,882.94574
5954144468477952256,0.693289323874084,0.015506626499577,13.566039112679544,0.0108554389808689,1.8002588211696529,0.018506818,556.268494
5954218028366455936,0.7843068650750928,0.0156085054239386,15.126674502528443,0.0106969582254303,1.2230012120654992,0.03101848,833.518494
5954320592191147776,0.6887114168110569,0.0229748121625586,14.329752740590616,0.0158062753677317,1.180134247830531,0.023350487,843.842224
5954587159363363584,0.8715322211239209,0.0155228999303757,14.784684562873544,0.010692772704598,1.4178214541276413,0.028325489,709.035034
5954661788713203456,0.8189142974843567,0.0157990228309509,14.403330127639608,0.0110529899894106,1.386879691866469,0.024106093,722.232483
5955042597694954880,1.7893923519308277,0.0191920785697753,15.348348444729838,0.0130898273162289,4.690733756241001,0.041101217,213.227341
5956423549951426432,0.8454745829580441,0.0189310879787624,14.918497809815731,0.013042477146038,1.053366013937267,0.031408418,963.05603
5957303567232559232,0.8917275678960743,0.0159541505879244,14.738660382736088,0.0110170142360699,1.4284699381315158,0.042094044,713.334717
5957698605530828032,0.6909953505295825,0.0141710239651746,8.583592514692107,0.0100145992556477,9.5558971190059,0.021311557,104.651688
5957828073016279040,1.89220668999002,0.0142647937828228,13.839478373855028,0.0100420977750479,7.747006607768286,0.02121965,129.113037
5958262929838644608,1.6747377402123669,0.014233400734004,13.518082726458974,0.0100428066946141,7.613796924435586,0.01891425,131.338516
5958457749556657408,1.8650151587197896,0.0148081994979232,15.195665593777036,0.0103159380474587,5.267388946945699,0.033466995,189.750351
5958502348502018432,0.7796897289914315,0.0723987458654961,15.107852133593802,0.0491534351596804,0.9923531176003322,0.041085843,1034.26831
5958708502577285376,0.882985232132494,0.0177927083091126,14.127065404727697,0.0123234596018895,2.1043744507139697,0.023054216,475.812836
5959534858635870592,0.7650696040764196,0.0290634324294988,14.828596132242843,0.0198131625644768,1.0944358156490277,0.035636187,925.869324
5961214740632785024,0.7334284683094126,0.0182153274987326,13.508803495148006,0.0125531934820719,1.709329173674511,0.021384818,584.475769
5961660004099959936,0.7618610533030439,0.1090379657504487,14.728248801588624,0.0738601528287973,1.072411001179425,0.03346557,949.166138
5961925261299755648,1.6607260154081709,0.0200921675870886,15.033124620234982,0.0137148675405887,3.494275385115962,0.034888215,286.480804
5961946121981430528,0.8128302219400829,0.0198553169560671,14.334123629808053,0.0136449835852248,1.6737645104056735,0.03240455,603.933044
5961949313114351744,0.7051651157355037,0.0184035861850069,13.39134894023078,0.0127335091732327,1.2550345863364272,0.023205683,801.816528
5962073665330678272,0.7298087454884779,0.0390475343924173,14.627155847918669,0.0265690066329792,1.036140531988632,0.030928293,970.792664
5962124071074580736,0.7684598908647704,0.0157716729081723,13.744933157124224,0.0109807483900166,1.159489186444654,0.019144593,860.871277
5962146576704288768,0.8037835770875505,0.0175536596404134,14.735763063733842,0.0121292260953125,1.3928214384696018,0.032733243,726.593079
5962491956472949376,0.6889748407049998,0.0166842590277214,11.789302317957011,0.0116247746163484,3.249001130268888,0.017106876,308.16217
5962802778961177728,0.8368239873039942,0.0166924290348,14.41813004596332,0.0115296673600208,1.209721191676081,0.026740689,830.420837
5963136961759071360,0.7684741797531914,0.0170199752076161,14.176091455993388,0.0118018724946561,1.348415235055365,0.024641562,743.672974
5963141325445792896,1.6158286004973552,0.0192712977198657,15.486450955913837,0.0131354071340086,4.03320387884915,0.039715018,247.888016
5963406135958977152,0.9837335424992436,0.0427672946470162,14.355003908067564,0.0291034282025195,2.270106444265627,0.02478981,440.206451
5963648028541471616,0.7228224528240461,0.0188780631393273,13.068795865080322,0.0130659726899994,1.4477909618564409,0.017513253,690.318115
5965088560550983296,0.731624061509094,0.0182475131027665,13.255285383851511,0.0126502524074023,1.764912257948242,0.015540522,567.286926
5965336328627700224,0.6955142006715692,0.3612391430375655,14.874791640023895,0.2452280917581775,1.0192247489861297,0.036014542,990.113037
5965846880001937920,1.066850399811208,0.0189986648037834,15.170625640317295,0.0129530108108787,1.6703574699473385,0.04768837,606.30835
5966169101300978944,1.329807805327151,0.0234832548555454,15.78107228184775,0.0156227170299571,2.1889656545324856,0.052424226,471.624908
5966573897666659456,0.9242268829202108,0.0193065091794239,14.013426132261612,0.0133057901452581,2.480455956890677,0.02576246,403.877625
5967612042815043968,1.884127327077056,0.0196835317022113,14.661298373035828,0.0135888068262064,6.49588535210466,0.025404688,153.965317
5968429284877931520,0.8016392733586813,0.142210940166081,14.745141139661015,0.0965414550387424,1.2655119952107294,0.031675782,791.921631
5969023266017632128,0.7763963097464296,0.0201266311830081,14.60171451426134,0.0137613147261782,1.303954742306492,0.031063223,771.050171
5969318862818516608,2.466928587106076,0.0145736567161462,15.627446453333402,0.0100085696003309,13.791424091448247,0.036886383,72.5072174
5969646586029714048,2.039459769753467,0.0159917142104885,15.216467652144036,0.0110806019741778,5.541278633702836,0.032905594,180.684708
5970486922147953024,1.7118806961112143,0.018003457243035,15.434431436396483,0.0121879834597513,4.885587229502154,0.03790867,204.787445
5970719228364781824,1.9330684353148448,0.0449560059837366,15.0042429478533,0.0305923488171676,5.231169598351869,0.02879158,191.265335
5971387490912395648,1.486201743105457,0.0284905972444193,14.934450780412122,0.019452596225689,3.798939413625408,0.031727634,263.318146
5971587533290036096,0.7978797952202097,0.0245067128685386,14.585374901764514,0.0165972582479461,1.242027138664533,0.033455987,809.473511
5971963050866086016,0.8625099124568014,0.0172340563236798,14.793741946557908,0.011859132577231,1.2672642253760875,0.03673893,797.759888
597230084571297152,2.0398812400618387,0.0142165803210897,13.589112982830002,0.01000342581845,13.36378375363801,0.019645313,74.8068008
5972775040181892352,0.7168887852841732,0.018886091044645,13.636994781087685,0.0123865668370324,1.690796211995316,0.0220189,591.173401
5974271509847922304,1.6284045459155716,0.0184034758392868,15.13454883590166,0.0126294851438629,3.9562265406558024,0.03316389,253.247208
597609897119408640,0.9996139215418296,0.0141505295050685,10.928648903381363,0.0100015689415327,9.88758683374385,0.020095674,101.150345
5976116181120174208,0.9720743243602372,0.0194766375450114,13.57561794653808,0.0134098003848507,3.5662310915049313,0.019752756,280.313873
5976229980590374912,1.5434048717255449,0.0271572446780239,14.551363451068898,0.0186103797813685,5.064243907550869,0.030151477,197.624725
5976619826226113152,0.8246226113193638,0.0173704255005138,14.91177598869486,0.0119767343345955,1.281490421134018,0.030286565,788.743896
5976955830076075264,0.9417220987820678,0.0306375506478756,14.342455125760416,0.020809520246128,1.926916544902096,0.03357789,521.96521
5977531149568760576,0.7629712691823685,0.0278003177348474,14.69525646461232,0.018903431976088,1.25907910933796,0.032841012,802.597473
5977563099769351424,1.712335512440944,0.0235404510480835,16.224277753791537,0.0149509532060942,2.365170796906342,0.066002354,429.766174
5977941194328044416,0.8462642519404303,0.0200061357286557,14.270372360244552,0.0136731425918824,1.621236194193023,0.02657375,618.252136
5977999850794040832,0.6896825947368989,0.0201115309726464,13.507429983649912,0.0137711765783149,1.3157360193977163,0.023157403,761.998047
5978712402971156096,1.6201246746279023,0.0628758997157812,16.06659933966444,0.0419545200999174,4.6289252087059625,0.06664393,216.257202
5979048299462709888,0.7053896976970553,0.0158619278561621,13.963049181556844,0.0110595433631863,1.226005778992422,0.02475424,816.380249
5979101733152642560,1.4190979992428074,0.0295683460256046,14.228097004606722,0.0200588460706448,3.66688532578912,0.033958595,272.932831
5979844728232916352,1.5693348098879936,0.0198158669372257,15.774793743345343,0.0133961563041891,2.523608395188158,0.051334217,401.463684
5979915543672150144,1.8964768182074605,0.0153399465639637,14.74599773744718,0.0106106087893567,6.650677154090969,0.02873674,150.177185
5980710623599323392,0.937822533788872,0.0206777360970336,14.79877479215356,0.0141387690156104,1.7681741403528304,0.038859013,574.039062
5980717465601173504,1.9151881406593945,0.0384718802309973,16.380962775981263,0.0257757037708584,4.651987575290628,0.057733946,214.848419
5981766811914318592,0.7855398952103424,0.0191805762883261,14.034421126685135,0.013219379969468,1.6395954297146351,0.021243285,611.587708
5982517159892900608,1.0527039003042955,0.0210166623051804,15.132916872494164,0.0143720722242982,1.9312627800813031,0.03895463,516.590454
5983770946736134784,0.759809624443907,0.036417248269368,14.807600987133757,0.0247354375235035,1.185106078846745,0.033021703,856.401306
5983772252407013888,0.8493122838160407,0.0196698645880795,14.9357171354258,0.0134494963119731,1.3444401689501804,0.037610132,752.997437
5984595786615071744,2.748049783433162,0.0267647401981696,17.02508311169192,0.0154417559027884,7.144417451380511,0.08047361,140.735291
5985014391309761792,0.9682257513947716,0.0330006799067033,14.20763468244667,0.0223966917769265,2.305305886581559,0.029907925,435.358215
5985014494388979456,1.2139374188133814,0.0448729660073486,15.44748728678876,0.0302791061295275,2.021878115633845,0.055025425,504.673737
5985993368988024576,0.7348580043395891,0.0269335919232571,14.094872875118488,0.0184600787630817,1.19063958395444,0.02055424,840.472534
5986039617197880320,2.3958853415327064,0.0154221570511184,15.763162947867569,0.0103034497030475,7.4120960771065665,0.036782786,134.863205
5986215298542384768,0.7695969019101452,0.0153440750547979,13.139619078951826,0.0107654782756495,2.281151461278494,0.016178908,438.152679
5986344834754052352,2.325520794117966,0.0154721627240751,15.72706980280648,0.0105029890659894,6.116310261920883,0.038830586,163.501907
5986905242082711552,0.9026761458889508,0.0163757768750029,14.455597356189788,0.0113999917565147,1.8016694518444456,0.030423107,561.6745
5987029555614659584,0.7050337496968135,0.0858212867636371,14.05063894070408,0.0583160512606898,1.1628901268539458,0.021913461,863.390137
5987594738957831680,2.009212486789863,0.0142128946497465,14.022190126094918,0.0100072863982349,10.10323686816717,0.020074457,98.9889297
5988670061317954176,0.7615220548190806,0.0160939277264382,13.660078374702795,0.0112209796878946,1.3154113340620377,0.0188709,762.068481
5988994726482569344,1.0061933539841017,0.016600695612509,13.368982581824348,0.0115998292948801,4.036172997722381,0.015261166,248.083679
5989223734140339968,0.7162790153531897,0.0513689807326269,14.21042177993624,0.0349426036622945,1.0714471190920325,0.027226022,935.395142
5989245449498249216,0.8835578573439732,0.0168343153284401,14.493532778315728,0.0117123808615297,2.079816258875161,0.028257439,481.679016
5989349937466722048,0.9108995686993586,0.0216008882610346,15.230940062236789,0.0148121297938824,1.4646634686439215,0.038127106,694.034058
5989526924466567552,0.8532165996784015,0.0222452083358209,14.46797768558416,0.0153003977916743,1.717665449142672,0.026306419,584.927307
598958585569477120,1.1874669935279492,0.0142413280932495,14.380833520323373,0.0100299619475385,3.2626685783500036,0.021821212,306.756714
5990209377599758208,0.9042658941861512,0.0225532429591878,14.679346117464585,0.0153755073648926,1.2573269564355276,0.040033836,801.853271
5990317748208025728,1.8203487476095297,0.0141975083720423,13.116957889501013,0.0100232500012791,9.239290380809784,0.01572415,108.216423
5990969071433279744,1.1152886741268824,0.0204016413650877,14.960561113525692,0.0139804036503468,2.273643073373757,0.039331354,448.282013
5991364242771478016,1.08108112562173,0.0163614734296396,14.842625608027952,0.0113571165533444,2.275573885533355,0.032589175,446.18457
5991798515507388800,1.6457510247702722,0.0203516979129649,14.935853691389216,0.0140189004726295,3.986843925804214,0.031779166,251.10817
5991939940188116608,0.8436267964491412,0.039578396133432,14.796714048180078,0.0267193942722374,1.2708353125802276,0.03512231,793.498718
5992172761791928320,1.995908218821164,0.0146398085811361,15.747345284866585,0.010025558590546,9.06621146110085,0.041623104,110.487213
5993313367635795200,0.7274775477530241,0.0274150301420249,12.871161853939796,0.0187026552799734,2.151316031419316,0.01744003,464.879242
5993681394797932032,1.4495895624083983,0.0211033920230616,15.99343637951629,0.0141573956464277,2.2182418920166835,0.062033102,454.560852
5994280594284282112,0.8365323101687032,0.032555182676173,14.54528273419639,0.0219680760239634,1.1074754843596544,0.042568006,903.620911
5994309525177478656,1.2779848979123154,0.0222596406317362,14.242454377609729,0.0152868876614418,3.8575587485108582,0.03474449,260.082855
5995170477127504896,2.068019214299872,0.0292699932450286,16.34201669753656,0.0176193113162375,2.7305641170059554,0.104140736,367.502838
5995409414755932416,1.840456780187401,0.0141895128045805,13.717884604280531,0.0100136373526949,9.22047249080425,0.017852671,108.490288
5995972914464256896,0.7610176440236296,0.0217272411439095,14.595747039066934,0.0148818182514278,1.0293108820312638,0.029014336,977.918518
599801155074318848,1.528514940374918,0.0146025155281498,15.335285704493485,0.0100792510478423,3.104151897034885,0.043520585,322.178162
5999219909736349440,0.8580740791934793,0.0148159736903858,13.326767228773983,0.0104207196380889,3.1072163711047147,0.014732407,321.911285
5999489393169981696,1.876231276020748,0.0310230646572861,16.782669643536,0.0206684261570409,3.940550830453075,0.074327484,253.666885
5999694108486388480,0.9624228908988696,0.0173517533179248,14.021229505857644,0.0120794489535618,2.109638651018644,0.02028164,473.917206
5999914766728665984,2.3705681285139275,0.0148753885282392,15.502125399267529,0.0101710292348304,6.005256916024326,0.03543234,166.69519
6000185590186913920,0.8741017089102927,0.0150856853318417,14.208006586755982,0.010538829969755,1.9252562266183624,0.021986842,519.973877
6000185590186913920,0.8741017089102927,0.0150856853318417,14.208006586755982,0.010538829969755,1.9252562266183624,0.021986842,519.973877
6000673842064371968,0.9823852382168146,0.0187420143418623,15.05750733523745,0.0129163758402327,1.4309620227441973,0.03680744,709.093811
6000970091721516032,1.9105105215233145,0.0142658028994727,14.271813420053013,0.0100239493459417,7.834591835527095,0.022473114,127.635262
6001303312475174144,0.7198338393017697,0.0153145591871769,12.950189208738736,0.01074988972538,2.214987327236999,0.015634159,451.89444
6001610213653636352,1.903392303005232,0.0166466080505873,16.726824109131062,0.0106472794114172,4.929382771760258,0.073325105,202.327698
6001941441532927616,2.3497591234254305,0.0155995754490836,16.176809275744954,0.010085591905854,6.624696795716309,0.05375058,151.043854
6001978756209918464,0.67773926368047,0.01496384033327,12.836652026740657,0.010525563194113,2.1752614233286396,0.0184068,459.965729
6003283498549015808,0.9319784050826666,0.0164585696039017,14.30738859469788,0.0114795841644881,1.948393282561518,0.024165645,515.45813
6004796323453892480,0.8933662746508115,0.0154116113775681,13.781545853993922,0.0108011538997507,2.958241294711105,0.023193857,339.083527
6005418883258448000,0.7723038232523705,0.0162731639648511,15.284510780983345,0.01130288819034,1.1024998627431908,0.04196714,927.391968
6005566084682475264,0.9639381866264154,0.0157204982176738,15.012383473966688,0.0109218846462773,1.545504196800125,0.031904534,647.191895
6005620922826336512,0.7443471989909222,0.01603329917666,13.453932266353116,0.0112190495142753,2.0969591451658873,0.018308658,476.320801
6005768807139614464,0.796075619461736,0.0191595742233666,14.587514028463218,0.013229169081376,1.4982210324831755,0.026956322,677.260864
6006213009836423040,0.9335051557179076,0.0153624230484259,13.90316279385334,0.0107381758350603,2.407721183972798,0.020073557,416.674927
6007533420217429120,0.7933246297310308,0.0154003561139028,14.957380740575744,0.0104274367649569,1.336709673613909,0.032311283,750.16333
600769751802997888,0.7350809340491847,0.0141587501384139,9.403981521706552,0.0100034995200844,11.48426414690134,0.014642006,87.0585098
6007700030589425408,0.8747970982616493,0.0175491613485013,14.323199647768623,0.0121611536141607,1.454780102653605,0.02880306,692.192566
6008436050554741248,0.7290263467110676,0.020792400710159,14.249210885121142,0.0140803251480836,1.3001844876708597,0.031150274,777.269104
6008542703183977984,2.196683,0.0141876199321142,13.647073,0.0100051704948393,19.70585611024682,0.018169446,50.737072
6009276421035290880,1.001370695663219,0.0164282151873719,13.447431342320291,0.0114623451215631,3.5231189613869964,0.017927716,283.807953
6009329094516200576,0.9407953043540688,0.0200782191864108,14.298122164976665,0.0137536190168645,2.0617952265882717,0.025494168,486.032623
6009710144010468736,0.9394960684560943,0.0183306362659895,14.366648053297478,0.0126485624151177,2.040508795692366,0.0283701,491.11731
6009958496195533440,1.1321899391168768,0.0208053481649448,14.410500585867352,0.0142933531444302,3.095639475287945,0.028519033,324.296204
6011291482249915520,0.7761480359709607,0.0271279607232957,14.09607744886462,0.0185129201062034,1.586610144183119,0.026120488,631.22998
6011768017458308480,0.8144228131191589,0.0633128378321076,14.002159935958876,0.0430241632394055,1.6339612281238591,0.029575866,614.353394
6012050523225328896,1.1772685266713951,0.0612698573825696,15.510282052163998,0.0414131693313074,1.6506417366331267,0.07286082,620.727722
6012247370169136000,0.9439748858265974,0.0191973493432113,15.108576745562187,0.0131389601207086,1.6274048229455833,0.04010854,629.565491
6012372370893974016,2.1216168620521363,0.0146358061260359,15.53138528125699,0.0100137843022249,11.41400336416658,0.04339563,87.6079483
6012760361056243200,2.260055964973936,0.0142311984417841,14.017681431875143,0.0100070919795761,13.536593241770392,0.020480858,73.8775101
6013039190336288128,0.7050168840373818,0.0220094274250828,13.694524454008464,0.0150057284721482,1.699380346272512,0.025638714,591.556335
6014054829839110272,1.9628578667564276,0.0254654073819872,16.03179743552257,0.0144029651622714,3.201218263342968,0.08233245,313.631805
6014499341773887744,0.9170569514341388,0.0205653877470719,14.585264418115097,0.013997267959041,1.390068898247789,0.040295463,719.139038
6015185677554464640,0.796780823887848,0.0198236031051759,14.614501276144097,0.0136627455060052,1.142495866685891,0.037055254,885.314514
6015226977961299072,1.5810831529419898,0.0195021609364821,16.187020652956974,0.0129265919237096,2.3194290228439653,0.06486404,436.5513
6015457188207201664,0.7716799769994089,0.0151810260661533,14.190601672766425,0.0106360159970227,1.1971685730297947,0.025028458,838.943481
6015507903182770176,1.7680591059368276,0.0187001787906234,16.644599178169877,0.0122168711445672,3.7381226919797386,0.074061185,273.911865
6015587617774324096,0.8223610746525297,0.018405379325439,15.066397888379774,0.0126903084480912,1.1880316040793748,0.038865086,845.902283
6015955610568585344,0.7178709798031845,0.015279580916316,14.811878801609474,0.0106727423695794,1.1651891790537183,0.03951597,877.220642
6016021959221397376,0.6703199164947364,0.0178313788938895,13.758693859841031,0.012350173366253,1.4028769306024689,0.024764135,710.124084
6016084356507069568,0.8693722462106391,0.0158786927301461,15.226808889249869,0.0109134773621345,0.9952567853466736,0.044266917,1008.35492
6016483822828929280,1.044140595618344,0.0153333680489048,15.356236791629234,0.0106738933444773,1.5888435021525715,0.045387715,635.814148
6016700701495082752,0.8659142427802686,0.0158695652765251,14.874218004972477,0.0109382314812548,1.635645838820348,0.03951847,616.392578
6016741001167492096,0.8417211167629283,0.0160947171182614,14.175631479723853,0.011251821049621,2.077067457540348,0.024079474,482.83252
6017420160079891712,0.9496985075898992,0.0281522059093404,14.68181132321654,0.019170588208058,1.8409449093315136,0.030804474,546.060486
6017646139754932096,0.8143625683569392,0.0211361467096589,13.082081787974875,0.0145431542722424,2.2223523628468675,0.01860029,450.24585
6020562873542869248,1.0475354511851196,0.0311442138671441,14.7496084115861,0.0211333770929114,2.11308785829483,0.031450164,476.783142
6022884526706597120,1.6323486660704238,0.0405933066216764,16.472528238570373,0.0274545325523405,3.3648570585855735,0.070236236,299.063843
6023103535667136000,0.8245433352094823,0.0210728362124799,13.904793969685912,0.0144525531241681,1.7233987009463978,0.025172235,583.442078
6023168235055446912,1.1395988726926212,0.0218200262559055,14.335219856064109,0.0147639802991948,2.221859017990794,0.034245297,451.696869
6024331793245309952,1.1366501096308306,0.0183388305996479,14.05459036924631,0.0126343050516344,3.065413306260233,0.02531682,326.641296
6024994214629127296,0.8760542543385145,0.021429279652353,14.706718045213284,0.0145058227077226,1.575036138647712,0.038618304,647.054993
6025516757541372288,0.8418308016994096,0.0344670542587902,14.595602550946332,0.0229130856468749,1.4492791346882563,0.031158432,693.963379
6026573864971068800,1.299825398017948,0.0183713006097705,14.75364354003913,0.0125497382311481,3.1459211798103546,0.03449622,318.76947
6026660936805581824,1.6679070567781036,0.0187140763722215,15.971370583045816,0.0123651058692537,3.128690348994274,0.054307964,318.151428
6026829643204462208,1.440238896817493,0.0183498208561611,15.990559691498792,0.0119396940216822,3.1032662765774433,0.05293541,324.392212
6027678088207796608,0.8824299728717786,0.0165230577742657,14.285647141878531,0.011496188047753,2.255525334796821,0.02546337,442.598206
6027848649891987584,2.1749396492637616,0.0177137229770197,16.231623998230294,0.0116684725347919,4.101265046153382,0.056917176,244.345032
6028134454316901888,1.3964112279185916,0.0263780771651237,14.93050743783964,0.0179718384105892,3.425201974897978,0.03817346,292.996979
6028510448514315136,1.867002553213954,0.0168557110237773,14.66550511982036,0.0100149967304148,9.868771064849888,0.025672369,101.322891
6028754132166559744,1.6272791082628553,0.0188582933385931,16.05587940779514,0.0123217160993739,2.71604279494278,0.06034714,368.463928
6028786292884070272,0.793010394937183,0.0192398245016578,14.077605703645128,0.0132096195390527,1.6100582289201837,0.02661658,623.490723
6028842058753939712,1.388465799260251,0.0202896332425314,15.344841342896704,0.0135950139556325,2.141577458814519,0.04673519,468.790802
6029311962514472576,1.8733196619845487,0.1150709558341492,16.091189521321574,0.0780626870348776,3.784958965725943,0.06273582,264.458984
6029336667159032064,0.7762398467540154,0.1284372670950543,14.514353323459847,0.0871943896993675,1.0622634224529943,0.026823929,941.645996
6030374880955830656,1.9502115999006835,0.0189326268380669,16.841963242909536,0.011936948084498,5.495984959248775,0.07526685,182.594086
6030655634373496448,0.9973235147727324,0.017607328144261,13.607238766720789,0.0122133118541791,3.2331955386582307,0.023073867,309.30368
6030664426148722432,1.2717919599033831,0.0216379870177072,14.445253368919538,0.0148900345687978,3.4347092002777164,0.042487044,292.873413
6031267890555555456,0.9023073612172038,0.0192722399979082,14.695980147700665,0.0132763995511008,1.334080392667277,0.03116868,748.075867
6031453020813845248,0.7735992856490411,0.0192627421490832,13.86884872730531,0.0132790096883612,1.8484369613982816,0.023153998,543.147156
6032048028410596864,0.8443601242644838,0.0171692849894917,13.616193024321252,0.0119480684057108,1.854138948992612,0.01874987,540.310181
6032185707885464064,0.770633163196963,0.0437824781701674,14.429128389255212,0.0298293244715089,1.233379836911733,0.026193185,814.741211
6032213642354875648,0.772562759056274,0.0454892296986216,14.697944189819372,0.0309843183755432,1.198375364191725,0.030830987,837.626526
6032609668397724672,0.6837873967608609,0.0155906214744127,13.44947244078528,0.0109067123687716,1.8818259065761695,0.019206842,536.135376
6032678014240873088,2.46480240579946,0.0149649920824156,15.886302705026084,0.0101357794793592,7.725248949179178,0.045637477,129.599701
6032880427441723904,0.9091578134283492,0.0163955617203958,14.77538609877716,0.011414683093006,1.757378146897611,0.028684724,573.727356
6032926366416284288,0.6931606785604738,0.0425959629947374,13.98284595250415,0.0290255098789909,1.2133075686870756,0.024641031,824.486694
6032944783237648512,0.720651277642884,0.0443832342000886,14.805212452930354,0.0302204269437973,1.1822538180599194,0.031159617,854.88562
6037184633181290496,0.6235690220419356,0.0168106748933193,13.518795838719338,0.0116634798861106,1.1388001393375058,0.020292435,878.102051
6037758651276336640,0.7946617575707097,0.0220329531760435,12.094707812889322,0.0151932298392292,4.349998509981895,0.014490169,229.952759
6038253637665834368,0.6772391230269658,0.0162377609601873,14.192890369414714,0.011303192718739,1.100632961201245,0.02562051,915.05481
6039131391540808832,0.5185529005404261,0.068542041844729,14.531400112654712,0.0196255048441434,8.135815910040185,0.024969226,122.93161
6039638438198068096,1.508302999999998,0.0295236318498534,18.376207,0.0100787542540327,24.492927918877644,0.18095456,40.8163147
6039705267890727680,0.6691126757873953,0.0168072709018322,13.63414179950667,0.0117299057808968,1.2598892534638793,0.019196482,793.6521
6040202556382646400,0.7132833456040988,0.0177199007939442,14.742570868478536,0.0122831792328183,1.1322742305269309,0.026750088,888.171082
6040498840406648064,0.8897074474763979,0.0172241209788303,14.715248845178882,0.0119252990022337,1.5701500472415502,0.029517317,636.815063
6040763547829197312,0.715651126375102,0.0170120203975185,14.585435599781974,0.0118103596650468,1.1078464815238216,0.029991483,907.155518
6040876316491249280,1.840380836107555,0.020471968387978,16.440439556147364,0.0128750568609781,5.60061132136197,0.064516544,178.633713
6040906312543017088,0.722562830066565,0.0171755205904316,13.609601329110218,0.0119535314987162,1.8896951589187287,0.018655136,529.907715
6042794448888703616,0.8301400098892319,0.0160090237781451,14.662130023735118,0.0110940299818825,1.564439438669612,0.031745642,641.130737
6053380856128258048,2.226875585470361,0.0385841891362068,15.82605699863466,0.0260730828687323,5.028304132620117,0.034807015,199.291855
6054256307887569920,0.7732178444806309,0.0246173842369156,14.873125540666384,0.0168432360129311,1.249163311172078,0.023376556,802.562256
6055353551744023296,1.8308817265977704,0.0310750200204696,15.056733237979762,0.0212139308009283,5.223083095227183,0.024185479,191.328781
6056049714431581056,1.9627220953484263,0.0207939459773171,15.34195045334118,0.0141912017086044,4.772325933779604,0.030776892,209.896454
6058686583823294464,2.0024525683482173,0.0144272079608016,14.960769803696715,0.0101423276965387,7.036373298225585,0.021639878,142.179443
6059125804360160640,1.9799721280310631,0.0147229866679502,15.245405506093244,0.0100391847378318,13.346109318211264,0.02656283,74.9427643
6060103132755699328,0.7429145331998994,0.0185008209887103,14.60613175955138,0.0128064018106813,1.177701743412061,0.024178885,854.821716
6061388186966894848,0.7979340000000006,0.0141449308882395,8.332485,0.0100015571207186,20.22668378593704,0.024642285,49.4447479
6064342402917127808,1.812336223019294,0.070456482415711,16.20166430499328,0.0478378580186246,5.180596814748946,0.047764882,192.308701
6065611101877220864,0.7551269098629776,0.0234849587215648,14.522329689786655,0.0161266411565847,1.1009048832443322,0.024513274,915.400146
6065788879158061312,2.0302514133991147,0.0150399738339469,15.11725391688112,0.0104865383050715,6.369044195426796,0.028320508,157.058655
6066175151329171712,1.9492142394984215,0.0262407108363979,16.65169958344856,0.0124601598192237,3.953486376939193,0.0782965,253.971893
6066962332948620032,2.0133128658398873,0.0142518903277137,13.998805612948356,0.0100100584266049,9.94627204420367,0.019733287,100.514107
6067299981784520832,0.7638349388703876,0.034242286656588,11.889306822684588,0.0233998848279955,5.01588872641467,0.016962694,199.265991
6067706736678519936,2.2550969084867463,0.0153234608354732,15.833832595147806,0.0104483063411186,5.878057475132105,0.03668783,170.179352
6068577309364652160,1.8968229999999997,0.0141721974147565,12.511339,0.0100026701784308,16.627182421033353,0.015904063,60.1557045
6068857238155257856,0.6818972619000272,0.0165882278972783,13.20416699186228,0.0115632497248895,1.6798754874444428,0.020019144,596.283386
6069056009237155072,0.7360854732978225,0.0209278935816973,12.73568843567066,0.0144644826037298,2.377564439899136,0.019327946,420.835022
6069704544999488896,0.8911523170954558,0.0181066885765905,14.275141922974129,0.0125741805329074,1.9660094680951807,0.022666851,509.593994
6069992758786384768,1.416764232111551,0.0152218162481448,15.598740910740956,0.010408443850232,2.4838491710419133,0.03644073,405.357574
6072920964420043264,1.775325340084357,0.0160827198624251,15.504431555270118,0.0111694748611265,3.377810217465868,0.03392445,296.121613
6073712161799085440,0.7734400379069588,0.0166632560514099,13.410886089367049,0.0116092362228072,2.0302062916578847,0.015931273,493.337158
6074926301825848832,1.0730931945821107,0.0162109532873013,15.365826819673815,0.0111552027015098,1.6038979904625394,0.03438222,626.931458
6076134115353168384,1.653659372132192,0.0151407306687908,14.810412037802177,0.0106064603541171,4.016318408445131,0.023604514,248.998596
6077701125578126976,0.8098643961610301,0.0150077324472522,14.248791304046131,0.0105492652434824,1.9045736999833744,0.019176738,526.070801
6079036070123462656,0.8288946764261238,0.0154347087365971,13.766918447216009,0.0108313117607851,2.408589843988688,0.017615385,419.461151
6080288070269598208,2.1093513578306338,0.0206685085736892,17.24139853590404,0.0124464192851819,2.2274819082985884,0.08276205,458.040741
6082649580728243584,0.9663111946491932,0.0155908651461934,15.387718296799546,0.0106106662361521,1.5889311926437188,0.038192295,629.046753
6084851971237151360,0.7661301612383787,0.0522446717735565,14.9828533491939,0.0355377985926487,1.1896329772002,0.036781278,843.878235
6085387089802067968,0.7432220123762451,0.0150684932332245,14.09550816407956,0.0105819199749751,1.5240407363327109,0.024907617,658.452026
6085582867292350848,0.6995561974246509,0.0148682058937091,13.399091737937164,0.0104578984197203,1.5128159865268702,0.015951619,661.933777
6086203786423666944,0.8245063205257169,0.0145275634483158,13.144002169236783,0.0102426413417893,2.420624205664728,0.015628481,413.318878
6087142082159453184,0.7581088691763728,0.0148097585133001,11.287564033366,0.0104327290414513,4.701730468018896,0.018271372,212.81636
6087656584882546560,0.972602772050572,0.0148059640892741,14.119222961617195,0.0103716889184939,2.9092640613329985,0.02283458,343.223663
6088131711344785920,1.2794204590705174,0.0183438173852391,15.600535600984596,0.0125404020648443,1.7571052990619698,0.042798053,572.028503
6088840346587892992,0.7782548555629526,0.0175933404005879,15.025357121160216,0.0121557667582792,1.0545942489870783,0.028862325,949.839722
6088992938197238528,2.1333052047488943,0.0232114195550399,15.583513427474276,0.0155526482268746,4.591639209166964,0.04152854,218.276917
6089332236311859840,2.128866893123026,0.0175505615285134,16.119826703811302,0.0112156862150987,6.289002435980438,0.043646988,158.987762
6089988717769132416,2.012371173473259,0.0142248927133095,13.92906629266441,0.0100127305083927,10.21220919673158,0.017493324,97.9370804
6091525388345949312,0.7056881545877794,0.0155645930409471,14.488684990241548,0.010828820063447,1.1762450310433863,0.029526314,865.879639
6091614929822596864,0.6978345712830246,0.0160524217958966,13.349368929158128,0.0112244696879482,1.56902699881557,0.019751985,636.000732
6092199487758590208,1.5836333002288767,0.0156976765944633,15.452995343536523,0.0107995313909101,3.823731528019919,0.03630257,261.535217
6092407368468219648,0.8603930407709736,0.017457087513451,11.379299274015253,0.0121707153924954,6.381567005175494,0.020957025,156.834442
6092974716467809280,0.6637881220748227,0.0151901344815228,13.591719472922604,0.0106387947573175,1.2420361586999822,0.01702643,803.372742
6094824232464236032,0.8673793115302898,0.0168947328191466,14.0932614062891,0.0117476418407197,1.838598542050171,0.021173878,545.127319
6095224111097693696,1.0905367513704625,0.0159408714288434,15.064335043175046,0.0107694352659085,1.9449907975468528,0.03952446,514.191589
6095380241749765376,0.7616312629227954,0.0173699761271808,13.756382475656382,0.0120956688495027,1.909232644374273,0.019928293,525.118713
6095851657359289856,0.6012241365204585,0.0153986992920227,12.025886338292109,0.0107953522693601,2.3108831475450553,0.018839544,433.492767
6096074858219865344,2.3183896132717714,0.0147083889230802,14.85047013528191,0.0100278195377822,9.7893601304427,0.030285645,102.095757
6096905573613586944,0.8392578404796445,0.0580115277720307,16.606130457962326,0.0155224978822571,9.3135975413209,0.07442842,107.227867
6097062735056939008,1.0626081170108608,0.0154862184169664,15.306843748962637,0.010476694996192,1.6968121698666705,0.03758482,590.9953
6097063692831890048,1.7404634272822954,0.0170227153449221,16.24281111168458,0.0102836021316213,3.650121188568419,0.05776208,275.23468
6097842151362064768,0.8050891212585265,0.016217170055533,14.414308437464836,0.0112910881476575,1.5222292078180508,0.024160553,658.163757
6098075071731860992,1.2183496145098345,0.0170016387934678,15.106701669124115,0.0116890239648186,2.0410793323443377,0.03342475,494.717438
6098463100557464448,0.8233080918458613,0.0184041801911161,15.221736577400447,0.0126614119263614,0.9995193756477736,0.03668029,1026.2467
6099465889514639616,1.0153528100691898,0.0162358665926266,12.288515373231451,0.0113514444457412,5.947845219932841,0.020399531,168.318832
6100047118854329088,0.8799243295872767,0.0147399162223274,13.723250266451236,0.0103489123171527,1.940573131875437,0.02261428,515.860535
6100190841343064064,1.5409943348895698,0.019435499374966,14.864777523554164,0.0134067987252693,4.261969285413428,0.03162578,235.099304
6101153090112634752,0.8097550111007478,0.0163927730821047,14.746413168906754,0.0113908137275747,1.469008995696323,0.027667165,692.032288
6101245341711785728,1.9399025701017332,0.0181494859671762,16.677413067337206,0.0106192912966966,3.308339785661963,0.078753345,302.978119
6101706900374330496,0.8833576727167041,0.0231037476614223,14.85750606240552,0.0158695142137202,1.5226919490278752,0.0339538,661.514832
6101946800067160704,0.8014458836945079,0.0147637919759641,13.338749988462387,0.0103818320719594,3.036076920708875,0.01653802,329.194336
6102032729472247296,0.7140766969331034,0.0153211079333202,13.634994667990844,0.0107343385993933,1.7026406666438862,0.021222403,588.203613
6102615371857150336,0.8572831116990887,0.0164457936613692,14.556567663754434,0.0113831812089952,1.7388070738050954,0.030763067,582.007324
6103710171901768448,0.6931375676242066,0.0154615385331199,14.86186529262833,0.0106514164792261,1.047672681358535,0.035136815,965.196411
6104260722287142016,0.839044757185839,0.0188810083203561,14.797660848473676,0.0130460392345123,1.6140885277276047,0.028316261,632.809082
6104313120888316800,0.8826932674244301,0.0218890339548635,14.90966118401423,0.0150591217218028,1.5852328448791655,0.034439623,637.468506
6104593771231125888,0.7318164633501058,0.0207091096153254,13.760916015940037,0.0142852198114478,1.1805881070596096,0.019031612,845.834778
6105235989102605568,0.7060901671313446,0.0149179796891303,12.879968333817509,0.0104899126490317,2.60276009244031,0.018655038,384.123383
6105349135720733312,0.985566316203421,0.0153166430314139,15.081088562916465,0.010637835875114,1.8937921902622032,0.034998447,534.304565
6105535021903733504,0.7615362711871384,0.0177700885463876,14.940734527764292,0.0122844291818544,1.021043574897232,0.038240194,995.604492
6105974311158668928,1.9182685528768253,0.017220700177316,16.513696889152094,0.0101726399618746,6.372377293333421,0.07321371,157.336533
6106330793443902208,0.8930509119100836,0.016878321439916,15.38489096730522,0.0112752003047152,1.335710305051593,0.053448994,779.36792
6106792107292046208,0.8114014604576947,0.0158788541008037,15.10141245593492,0.0109371985379153,1.2221606238014338,0.03980053,833.128845
6106795165309015424,0.7529337398561022,0.0148749325946781,10.437318197933331,0.0104747639170304,5.547284543845234,0.015853764,180.213196
6107121479744929408,0.8948238412867814,0.0155624947875577,13.7010754643469,0.0109032573259651,2.8305428018133747,0.019146247,352.181274
6107353506758923520,0.6531194253937859,0.0145397049300874,10.844545401054958,0.0102541280075075,4.9188864911552574,0.017898906,203.313919
6109205741474763136,0.642549844728475,0.0147524069293313,13.15447112467498,0.010361268763947,1.7277682673804784,0.018410696,580.353455
6109603180568391296,0.7132046357856268,0.0156198890794908,14.623254311464557,0.0108842334637026,1.188908892904511,0.024903249,844.32959
6109809407717865600,0.7324677892069278,0.0155459174452125,14.703836410857788,0.0108552738117325,1.2041278602252157,0.023928747,840.901672
6110270408026515200,0.6812484230019406,0.0154173653275915,13.003331662829371,0.0108210254946454,2.251058061293087,0.015203816,445.034332
6110302057648778240,0.9089821544028196,0.0154005396622409,15.124390917248968,0.0106203788068261,1.4521258625885016,0.03780336,692.475098
6110780001609424896,0.6811457075100605,0.0158404941176652,13.495952421853358,0.0110722337006206,1.264751246229429,0.018944634,790.284668
6110872704183204736,0.7316367552966284,0.0149995390633352,13.512879806123584,0.0105115293338023,2.297076435960329,0.015595065,435.300629
6111052336894945664,0.7334236637877144,0.0184401487760484,14.079911394015754,0.0128030891928191,1.5300554207733457,0.018580493,655.726624
6111508015744980096,1.0163291605441964,0.0149667398303541,14.93500312995005,0.0104759724333536,1.974598015785329,0.025657214,507.478943
6111526226405995264,0.7322412800554041,0.0158301186672251,14.912864607660325,0.0110021401178723,1.0458768297431649,0.030218463,967.447266
6111768428202530048,0.6378304215763811,0.0146640184533181,10.637552865917105,0.0103364732180038,4.007337057195981,0.013769858,249.588364
6111989533119431936,1.028780058314121,0.0145726510075594,14.18801079179138,0.0102383266098692,3.1205422491258146,0.019800432,320.726227
6112330519164277632,0.855078747167177,0.0157036133277944,15.360277077517924,0.010781267042127,1.279937433860327,0.03756843,812.04834
6113791186000885248,0.9288082088523668,0.0145312871014812,13.269679875991567,0.0102237098038698,3.853314039686445,0.01810133,259.991394
6114626230716436224,0.713410780036711,0.0153746108507206,14.7689902650096,0.0106188869111618,1.2310178081675018,0.032814145,832.532043
6115217046418209024,1.98145105381828,0.0166338763951032,16.221768352209743,0.0102350407168157,4.232373069417599,0.054183993,236.993225
6115441239415342080,0.7145834722772733,0.0148318323557294,13.53483877875731,0.0104268258242057,1.6201762255780785,0.015172971,617.562012
6116633457916095616,1.2282171667442934,0.0173464285889914,14.636895974724569,0.0120229272695083,2.510121573510587,0.024691524,399.002747
6116753854440494592,0.8880943782975221,0.0148005636567249,14.168439913987276,0.0103583865499313,2.2637866717407973,0.024754789,443.33902
6116898474579325568,0.6877314501860925,0.0154337547567873,13.845192418152122,0.0107947419192845,1.3389151304678368,0.023850067,750.166992
6116902872626073984,0.787964378284117,0.0166054766981415,14.769721170620262,0.0115106950818458,1.450578673839379,0.033294,692.067261
6117085838232904192,0.6581371675203912,0.0146135588713189,12.98044415538399,0.0102860508998907,1.6438758818138794,0.013030599,606.309998
6117534885655440512,0.6968186271195874,0.0149628604073555,14.038192687160665,0.0105074052696098,1.1593475600977932,0.021633822,861.951355
6117955070894517632,0.8530319764615504,0.0150996703846269,15.199165833966497,0.010463591540924,1.0301762984441147,0.034008324,981.253357
6117989052675849984,0.8556045008790333,0.0144337396195251,13.353712467781012,0.0101407754782538,3.110942347057554,0.014536542,321.815369
6118076463842429056,1.342106138491337,0.014619943058784,14.799131329950765,0.0101427983303062,3.4632095705028876,0.025556542,288.562408
6118158514903991936,1.2894461590941488,0.0172554086775982,15.098185517010371,0.011867216994628,3.1239801053204403,0.03254049,320.979614
6118234553003945088,0.6157058780684086,0.0157501987186545,13.177622118150062,0.0110338240755072,1.632657698732125,0.014649512,613.282349
6118235205839048576,0.6942804051463194,0.0151754679444982,13.720435373269844,0.0106496745515761,1.0367633728785308,0.022262966,962.590576
6118252694946478976,0.5629579100555901,0.0155907562565298,14.354197927442764,0.0108677243851009,1.2355083709339516,0.031596668,808.557007
6118265923445810304,1.1913928410954835,0.0168620693878758,15.42597248819452,0.0112319483495899,1.9292600573319865,0.03706714,520.843567
6118657864983076992,0.8535400844639859,0.0154265817887802,14.597352834484466,0.0106839904974375,1.5867884638734788,0.025596224,631.330994
6118819664989668352,0.878435309069481,0.0152927946892435,14.554833127980194,0.0106963340450511,1.851867106457063,0.027704976,540.728821
6118943360047534592,0.7810935038449386,0.0158503879546606,14.84035161872556,0.010958040274911,1.1389703640351332,0.026674349,877.983826
6119274622289928448,0.7725206562521965,0.0152481985423948,14.682149201653711,0.0106537381358027,1.2443440781318738,0.025838302,805.048279
6119357669778324992,0.8468805872191383,0.0151944182152021,15.356722032241889,0.0103759755260826,1.3113358662564465,0.033543702,766.647949
6119427316967101952,0.9618469655099238,0.0157221223400223,15.241001768250191,0.0109402370175622,1.5015892142722962,0.04506999,679.207764
6119607396348727552,0.7797683796013549,0.0152034629750473,15.29495725061857,0.0104236030137707,1.0653328883602406,0.03591917,948.190002
6119611691316045440,0.703696836273789,0.0151322703780062,15.123364244116267,0.0104053298795748,0.9593151267272946,0.04023063,1079.01721
6119739475182213504,1.3097830372844106,0.0153571810758795,15.211010841204358,0.0105351602565441,2.2961397243848545,0.03513949,436.733765
6119840011783097856,1.8010797523009143,0.0143658387363668,14.61916392146591,0.0100173311983312,9.982609526729224,0.028677134,100.161682
6120075685226419328,1.7791287608587718,0.0142111667489917,12.882729274376686,0.0100094610723096,12.83868013559495,0.0154557815,77.8867798
6120275418381196416,0.6681778718407022,0.0148348805951214,13.572495389545557,0.0103981063304136,1.1473158872302855,0.018933874,875.9776
6120575344537588224,1.0948343385298889,0.015303160215654,15.293387787167273,0.0105420668102147,1.5640311178173492,0.03829465,640.112061
6120817649411955200,0.7020343475974703,0.0151291904530438,13.90765802967168,0.0105927899062965,1.3806955486539092,0.01892064,724.194641
6121147021864178944,2.131842669238019,0.0197597707406167,16.88133562960968,0.0101503020168166,3.891675214373557,0.078896426,257.654175
6121760892949782016,1.5732393543742786,0.0147386652114656,14.949139133417203,0.0102365681181292,4.396955140177534,0.026404034,227.371506
6121949630992533376,1.8369828131911896,0.0196272493094141,16.612944427621905,0.0102611969319914,4.012501818644115,0.06084801,249.896042
6122567036835828992,2.0073343624450537,0.0160648013685851,16.461980627043943,0.0101157344833068,5.787630791435205,0.059026804,172.649002
6123008529409301248,1.8993030404167115,0.0160389478192099,15.962825568737978,0.0102636716425212,3.2482083843241107,0.047352895,308.659424
6123453659819970688,1.4807273017169047,0.0151676021851232,15.572162825798156,0.0104139500181977,2.417587047183315,0.05915381,414.78067
6123485408218291456,0.7027683087057525,0.0147348919013693,14.029036219295008,0.0103170250809555,1.1988375748427116,0.021346122,836.235535
6123655695081502464,1.0165782477307548,0.0152335344144589,15.378971042274976,0.010182147650023,1.5964300320372775,0.038512215,630.582703
6123825878865610880,0.9223064489624312,0.0203782966123983,15.421134712424598,0.0102311199844776,1.437407043523527,0.0394072,708.64801
6123889581820659456,0.6521387119015732,0.0146061183656324,13.912582682058938,0.0102455302242321,1.4200156727469768,0.019500975,709.074646
6124146867541131520,1.809059435691999,0.0166109026344845,16.393503253658565,0.0102030599322428,3.2591497403743452,0.059609108,307.837982
6126039745541802496,0.821755753770677,0.0148570967561308,13.313968578026788,0.0104570064881693,2.7873371076361435,0.0124065345,359.124115
6129555567102957568,1.89876029181935,0.0141829848384966,13.48263458412946,0.0100033489789242,10.987870158927674,0.014557559,90.9952774
6129792722323453056,1.7474461693146082,0.0160400440329455,14.87017952200781,0.0112055921531378,5.850188696046939,0.026932284,171.110901
6130052413219862656,1.5144753711415202,0.0189640309233873,15.978514268355108,0.0103361163730363,2.507528653080133,0.042347062,401.249146
6132558883112610304,0.7140740308593457,0.0182094921720077,13.68778011222282,0.0126488695392606,1.363326610067511,0.019541621,734.821716
6132646539101763840,0.6763582919012291,0.0143157927336952,9.770405204140609,0.0101040273353118,6.826744956153848,0.015635405,146.482254
6133609848726561280,0.7326736111036427,0.0156005491857463,14.924070826055145,0.0108486506953444,1.1311521502478823,0.029406317,889.186768
6134128165383962752,1.970244000000001,0.0141948592749264,13.598275,0.0100039423138412,20.53993371313157,0.01538661,48.6738014
6135741801772574720,1.8494498750801225,0.0422279798636813,17.948708001061053,0.0185142177130809,1.111376257736904,0.15289776,959.066223
6136618902814139776,0.7089239619578074,0.0265801683290655,13.50902824935765,0.0182211665252613,1.5416945809041582,0.0163808,649.297424
6137179756822918016,0.7745437862213942,0.0199958093682996,14.964984022587606,0.0137679045007828,1.2150918744018304,0.0308717,833.179565
6137588809508151296,1.914944,0.0141917306986878,12.933951,0.0100055165606489,22.68294029650775,0.023056919,44.103508
6138103415309735936,0.6788383373578525,0.0155329212951345,13.951302254661854,0.0108464935219636,1.2158843834813902,0.017560894,822.835632
6139123074905575808,0.8974649697919016,0.018363050699576,15.20141924616419,0.0126218432493572,1.1690092340993414,0.035432372,861.621582
6139523881253500672,0.663600802420881,0.0161816776276166,13.203127840460231,0.0113084814337582,1.234694501816995,0.015434267,809.132874
6140997948389281280,0.746536315244164,0.0155970992012649,13.517654047766696,0.0109203016070025,1.1122560192762994,0.016071096,896.009888
6141991322784963072,0.8082775983512871,0.0143173270833796,9.533602394913231,0.0101050815418049,7.431705260878087,0.017641144,134.4944
6142110413638273408,1.0326651730080876,0.0295149012366765,15.186388923737,0.020177788717885,1.5213518442581535,0.030092847,656.409729
6142752872025958912,0.7175096413991469,0.015790077061588,14.33581711395624,0.0110162638797676,1.182761753687268,0.019877737,846.303833
6143568331698393344,1.8213139999999992,0.0141746307338525,11.783642,0.010002508839984,18.722309792031215,0.01731016,53.4211998
6144730652927821952,0.8446927700903339,0.0165276822203222,15.12737129564473,0.0114650802508474,1.203613925988289,0.029533802,833.870605
6144966669970105600,0.9452157382471768,0.0181631627462997,15.169308836506108,0.0123875289990808,1.4747260379902205,0.030233938,681.090637
6145666951501477376,1.0931554610226095,0.0643870000887431,16.73957100422963,0.0175274020717054,2.2905123683263557,0.06932532,439.654419
6147369927509270656,0.8589780991037883,0.0284546880125417,15.20137360579392,0.0194288855448598,1.4710010675341672,0.030266121,685.602722
614890298602071040,0.7752034426473019,0.0144495650424496,12.401172523604652,0.0101825631364721,2.5215616358372395,0.018476149,396.68161
6149579842802507904,0.7799189850135944,0.0143855660249033,13.272575351515076,0.0101494531265194,2.6653915019944825,0.013730408,375.634705
6151126099749280256,0.8357502226436303,0.0156105014978304,14.788795401127905,0.0109190597068187,1.6447505604898984,0.02379881,608.763489
615235961865064960,2.2625235164497157,0.0159496119999007,15.983744008423308,0.0102045113891631,7.517057830528218,0.045378998,133.083664
6152657925604163968,0.7529918363163156,0.0149948455744714,14.058845941534075,0.0105190945081885,1.052121938112809,0.01878005,950.099976
6153649375854799232,0.9835008287415766,0.0161572069404488,14.72056587379444,0.0112295936287612,2.010259991259606,0.024028974,498.349609
6153830554754706560,0.7337792833489463,0.0157955544638368,14.800738921458398,0.0110171287242907,1.177619133320141,0.029767968,858.015625
6154667248744660480,0.730770863988983,0.015535027985807,14.613374280114543,0.0108822195656066,1.2433116109494764,0.023818618,805.786133
6155054586074369024,0.923340256604937,0.0156093890556572,15.425569773514033,0.0107338010935063,1.390281885278073,0.040307246,731.522095
6155163575164580352,0.7969297582538628,0.0150858569985563,15.099290949787646,0.0104722723005074,1.309070605706351,0.029289661,777.587769
6155896330944952576,0.6913513078932566,0.0148581865779787,13.01734071774281,0.0104272317003217,2.4368215572684457,0.014698503,409.912842
6156123861132321536,1.8438239808517192,0.0161299349808573,15.63137092467798,0.010616308304038,6.847745834938768,0.036907688,146.179016
6156664236737432576,2.019639999999999,0.0141873075470377,12.909715,0.0100043206490594,15.164883048160132,0.018130904,65.9273682
6157493921339803520,0.8665005547800244,0.015539385410792,15.357194955741983,0.0106025208139543,1.2674742224139108,0.033347026,795.182495
6157493921339803520,0.8665005547800244,0.015539385410792,15.357194955741983,0.0106025208139543,1.2674742224139108,0.033347026,795.182495
6157543536801118336,1.803996685535464,0.0156070865170783,16.12202531086557,0.0103700001851421,4.4242936973620015,0.04837725,226.389542
6157586967511483776,1.0808834105770329,0.0152231747673241,14.670076404225854,0.0106506446482606,2.709424756361395,0.025222324,369.867371
6157608236189566080,0.7363839245680034,0.0149742194858006,14.82314625056696,0.010466283031879,1.1204081103460029,0.030267913,895.548889
6157769417722126208,1.2967929215739515,0.0150101016991878,14.998584353805926,0.010491871188112,3.297227805151532,0.029394235,304.875244
615903464207338112,0.8120757808221977,0.0143941958506684,11.78171418176444,0.0101559464519759,3.8349952470615865,0.019954912,260.884491
615960093351718912,2.2660343951033144,0.0161413944888798,16.201358791129575,0.0103565848849871,5.12378422527237,0.06501909,195.38269
6159605842658464256,0.6949059546319706,0.0160092024683247,14.40591995449062,0.0111807586558343,1.0702171990926943,0.022774745,932.846436
6159822373434378624,0.8546474080520742,0.0160668763218363,14.769152829184227,0.0111793478753502,1.2875273911672789,0.027026393,783.209839
6161357536480966272,0.8430969465965132,0.0191295927301186,14.68699113163353,0.0132215699385325,1.632715623530321,0.027116917,613.991333
6161389697194296448,1.401371061118731,0.0150577353440201,14.82157453806944,0.0104115142500695,3.79973601735971,0.027868424,263.585876
616292279006829312,0.747062364437102,0.014423642735188,11.833068199856834,0.0101706963077655,3.3929034386236707,0.022166979,294.711334
6163432967757843968,0.729118608295981,0.0147893928125509,14.896834878802734,0.0103084972713417,1.171056171346153,0.027454758,858.62738
6163630227015405312,1.2022155032367652,0.0147871495541977,15.152184456546747,0.0102320561872338,1.9190590822268487,0.036540136,520.791992
6163637717438500352,0.8187292056648814,0.0153969981328305,15.263466530919104,0.0103689713912988,1.165031670158921,0.031967934,871.632568
6164231934753948928,0.6487537117286192,0.0147811876958203,14.146825652672836,0.0103455400471678,1.15905787983576,0.018932138,864.237061
6164328760496297856,0.8084864439317823,0.0144635867955232,13.75410927666386,0.0101621846729394,2.165937039944186,0.025835378,460.804657
6165529495913499392,1.1852768221245211,0.0147652823647733,15.561464727981225,0.0101788751185404,1.9131283466700637,0.035227377,526.912598
6166151093644102016,0.8157109910737718,0.0143312478453562,13.529460275925436,0.0100938145549187,2.5851911787059123,0.015903838,386.49115
6166289498966418816,1.3859883960986326,0.0145964086151295,14.40863639835792,0.0102252309321224,4.611174071676935,0.025398089,216.965775
6166835372130119296,1.0973023768533148,0.015065035529782,15.118767538346887,0.0103450038307191,1.7258709637720775,0.03305931,581.551514
6167317473618820224,1.8001694750629824,0.0151091233642065,15.345400229599742,0.0101602827157324,4.506384990627414,0.036425114,222.300461
6167318500114558592,0.6820241705757554,0.0143241443468418,11.887139301656832,0.010103540172472,3.423210543977817,0.023863863,292.165161
6168039440441202176,1.623687443993397,0.0147808497142929,15.538779395425642,0.010153049893062,3.597653885717222,0.042095132,278.992584
6168465088880050816,1.3992468970077083,0.0147055028109568,15.638257641014729,0.0101105503343487,2.6020692573672206,0.04426953,386.425354
6168917984591571328,2.582007000000001,0.0144506767024991,13.752907,0.0100178442284053,29.941636406542493,0.018664567,33.3956795
6169273023768075392,1.2064257459153016,0.0147369826203153,15.288821274884198,0.0102308827237673,1.9675683148704863,0.038648855,509.948334
6169678674839169152,0.6712363559589515,0.0146469124326193,14.0348736412872,0.0102956077249228,1.0221125902005008,0.019369485,978.366943
6170109374160056448,0.7991368349980187,0.0160632337490181,14.662414130298878,0.0111447198431185,1.035277170046079,0.027000198,971.410706
6170195170426958080,0.7838300701015832,0.0160661795511324,15.01078115087203,0.0107515294312556,1.3153983383710717,0.02951796,770.723145
6170342127027587328,0.8891462950416925,0.0146858197234883,14.090582035806042,0.0102563458244482,2.445526328970853,0.023887902,410.094269
6170580343093806464,0.740677228314378,0.0154349862498605,14.64768330058122,0.0107349523278739,1.261943198436506,0.028604668,803.939697
6170582301598899840,0.7508470742573162,0.0144239436654738,11.125361790772452,0.0101710044645726,3.6683802548022224,0.020679941,272.825165
6170704862785811840,0.7804785785786303,0.014818210407259,15.24181775423375,0.010282064087844,1.180460884398498,0.031202432,876.345215
6171460570871513728,0.907755313042396,0.0144316404261737,13.028304048403024,0.0101511569555716,4.279592584055412,0.015715674,234.859299
6171498469662502400,0.7239723288273575,0.0146609174440263,14.018607415120544,0.0102838968118068,1.317488159980121,0.022643892,757.487732
6171628486912582912,0.6538694337281867,0.0148366869550273,13.857550327388717,0.0103945778586403,1.0787950883372155,0.020217974,928.598022
6172437177715080576,0.9395243039703748,0.0148560029284134,15.361273970539044,0.010309759303698,1.4022176299876403,0.042368647,723.419373
6172479195379471104,0.8309420015468499,0.0154214104226654,15.130547920630663,0.0106926561300938,1.013974995196911,0.0407884,997.034119
6172736107438723584,0.6305507901786833,0.0142922771623464,13.197149792859518,0.0100653374950536,1.620553734226179,0.015104298,616.713684
6173294281388609024,0.6761090537806188,0.0148643860991976,14.451475628166843,0.0103630344770734,1.075431470284181,0.026253989,932.85614
6173620320945752704,0.7583276062288788,0.0145501430601893,13.700849739260496,0.0102267374698095,1.3965803132560333,0.018441426,716.365601
6175081915496531456,0.7511314228998334,0.0153487018577422,15.076748074256582,0.0105341467569366,1.031031329792791,0.03950125,978.294128
6175363042579946496,2.0302768543307623,0.0172597851079504,16.28671709701446,0.010536588271751,3.890394674064503,0.06573069,258.127533
6175775569894889472,2.0795602879920576,0.0195614982257387,16.72225368335529,0.0105542273869843,4.099529819655514,0.06481066,244.0336
6176169779172915712,0.8112106473228362,0.0149781757191338,12.40710626570876,0.0105245938856654,2.6759407523563192,0.018913865,373.023834
6176807392837682176,0.6601928795370429,0.0148404944254149,13.541610157275368,0.0103763044932813,1.3953861680570157,0.025793022,721.275146
6176842817728104960,0.7754675280228154,0.0149833206163133,14.605108509951576,0.0104143382793625,1.3145003603303624,0.025565982,763.230286
6177006056548343808,0.6752174204001686,0.0147744597930111,12.826853505316544,0.0103999311090586,1.57190045781631,0.02236552,636.01416
6177237748560863360,1.0584868478519427,0.0160475286424085,15.486875549528284,0.0105201299004619,1.3449000351742728,0.038018696,749.009521
6177277434058315904,0.636682855871326,0.0147816577007202,12.566206196809867,0.01039647109626,1.8251760150337604,0.017460221,547.125916
6177327461837414272,0.77764215589238,0.0146442681941917,11.49453027118423,0.0103104224058075,4.281279168351908,0.016552689,233.820023
6178516721101612544,0.8074775957493141,0.0150258442978303,14.844484973477506,0.0104555452467145,1.0685511382613095,0.02689338,943.556702
6178609286236746112,0.866026871853397,0.0157252048283684,15.115717094170291,0.0108388376483458,1.213828562419595,0.034204762,828.859314
6178709101276911616,0.7530160116104907,0.015494147099221,14.037041918064594,0.0107629170893426,1.1701894859647024,0.023371216,854.972656
6178987552597165184,0.6505814981859434,0.0145123199560573,13.704190406946026,0.0102217486922344,1.212159106759894,0.020000739,824.704773
617906606889951488,1.7634551209344822,0.0156262154055282,15.83650893321382,0.0102776018520265,3.545077937692682,0.05660375,282.891144
6179555553431824640,0.7241960910662871,0.0151060861194737,14.515362171552788,0.0105206176448371,1.0727004233357966,0.027494565,937.197205
6180462822323518336,1.0670887278382872,0.0172861570558489,15.260605279090576,0.0118090546810007,1.7709685966208253,0.03427454,567.241211
6180699006868546432,0.6880973394919088,0.0151374930489955,12.804692362855002,0.0106313263753946,1.577267452096789,0.017029062,633.441589
6181938710525155328,0.779701056799926,0.014980683075341,14.311472418438598,0.0104779922469461,1.6764368261229388,0.021372506,595.661194
6182115113421810176,1.145141979075954,0.015412041704807,15.362317693682634,0.0104795580504911,2.111629727631789,0.033954546,474.672729
6182278665776280320,1.7371385386101672,0.0148799146758571,15.337127309838792,0.0100350377187048,12.973085495932583,0.037021942,77.0167542
6182390472365021568,0.9054572571076482,0.0150182033385849,15.347904217573692,0.0102916845311036,1.2883057753063754,0.03571885,778.452515
6182456580501732864,1.2780075851090955,0.0146939670661154,14.468124255813748,0.010255253415296,3.519896222127931,0.023630073,284.249023
6182597004457434624,0.6932289424579355,0.014752152028844,14.568684170942644,0.0103201849410457,1.189621918300488,0.026029581,843.028198
6182960156827147648,0.917166721792394,0.0158968561405451,15.412893887395152,0.0109158978954437,1.2512601247379225,0.03188865,809.721863
6182978058250996480,1.2757330235344098,0.0149566288949387,15.098535863362349,0.0103919563992848,2.962077336666113,0.035486467,339.933533
6183337254955603456,0.9175843297601752,0.0146695219938461,12.821004225619316,0.010332967094046,3.3389694347196373,0.01942866,299.445343
6184012870491486976,0.7819327402900803,0.0149765194054425,14.32787581740647,0.0104664167604442,1.5020450183624745,0.020240255,665.082031
6184111345501707008,0.6544063673362046,0.014614270166189,13.264523314354152,0.0102905691622326,1.459371482526069,0.015507837,685.771362
6184347117729888256,0.8098107418890945,0.014973155142777,11.943491206659797,0.0105344345741262,3.3021675549917218,0.017166141,302.757202
6184824035194682496,0.7683284673126347,0.0154162946614655,14.381610529563362,0.0107822994940708,1.484115726723404,0.022272905,675.976929
6185473709127726976,0.6589268795120118,0.0152058742101677,13.797535653595586,0.0106769809644585,1.404084532050934,0.018003,714.694275
6185764289435095040,1.0767300375408488,0.0155365781242051,15.076936601984816,0.0106694536427911,1.896607020699444,0.030692505,527.018433
6186114002852105856,0.6874171359149173,0.0152048572245997,14.28051354778903,0.0105784381593547,1.1976328885962586,0.027891422,836.767944
6186182894127611520,0.8047015881106113,0.0149178941442354,14.226115283339643,0.0104309570716801,1.4043322366403073,0.024313975,714.333801
6186300370072186240,1.0320457585894471,0.0156079130710319,15.183438056966278,0.0106404063003689,1.4036768077551989,0.036237393,716.574707
6187191558607179520,0.8853242734737121,0.0147966460851414,15.060860551503048,0.0103292871744953,1.342419299860578,0.032798823,746.12207
6187552885615600384,0.8922755528229833,0.0158553449177241,15.07909847500565,0.01092559492991,1.21224231107041,0.041509096,827.208984
6187598068671557120,1.7088357580270748,0.0171778536477154,16.483318370661895,0.0102971219510882,2.514343393386341,0.07202589,398.537811
6187607964276224384,1.075943338244448,0.0147199993034724,14.56566282173092,0.010162165285495,1.933172147642513,0.02642719,517.798584
618768963307846784,0.8096277039892988,0.0143969126379216,12.444478875175683,0.0101580731919077,3.833668699098442,0.015197779,260.732758
6188049246396451584,2.173829645537407,0.0142316921587388,14.0873988397797,0.010006032156499,13.324351507653128,0.020603128,75.0506973
6188088553937317120,1.8732179014944648,0.0172404154419638,16.792063349344147,0.0109116468977229,2.091171723814847,0.068630524,485.459167
6188162015057875072,0.8519896187153329,0.0157540700563356,13.306240801855685,0.0110256088269315,1.0469602232230963,0.018045515,956.309692
6188466339260261248,1.811708637011043,0.0163821835302467,16.59515604988308,0.0104383169843067,4.231669079269309,0.071108885,236.913239
6188823577460260992,0.7634368726543868,0.0152114831077349,12.049289693763466,0.0106922934739177,3.107429694744977,0.019334007,322.232758
618994947307206144,0.793743948928495,0.0142840677130672,11.395015254732648,0.0100841887915913,4.6735689715706235,0.026223939,214.068115
6190247032701498368,0.730176670354847,0.0149204360513154,14.96073674796604,0.0103100301608726,1.121587975039875,0.04350525,904.298584
6190376706353868544,0.890274115349696,0.018580412632067,14.886409707048209,0.010237658983046,1.007297188235012,0.036457885,994.982849
6190948070147102080,0.7551636353878468,0.0148452354714325,13.507800511673151,0.0104136342067893,1.9465691481682883,0.016816346,513.882446
6191093205682713216,1.8178273022946003,0.0169768779258483,16.709222889855784,0.0103346445731976,3.148819779214309,0.06904479,318.506287
6191637605672616832,1.0972595922962218,0.019614970318008,15.630414218696652,0.0103741575972322,1.7447634211040028,0.042619098,578.887512
6192128365815820928,0.6993097289939005,0.0145223200976189,10.955166370886651,0.0102185108132699,4.02232115837209,0.026677521,248.512497
6192218319610874240,0.7576696779570462,0.0151398576963687,14.319683208009948,0.0105541599262842,1.3899299503233356,0.031498816,722.353577
6192227150063568768,0.9234363075048192,0.0166825194754391,15.10290046155279,0.011424179750388,1.4547879984581105,0.03441138,692.860718
6192274910099846784,2.226294656415071,0.0146259247143856,14.756673611165835,0.0100334063439144,11.4255826975961,0.028987067,87.5408478
6192286523691575296,0.6612160689822996,0.0152731695649035,14.60742283880638,0.010630268059064,1.0949430318651716,0.030927448,916.06488
6192436332150717824,0.8569191612454596,0.015070790051068,14.690284954534304,0.0105176133199503,1.5853223197432638,0.03234002,632.906006
6192513194885502080,0.804686627459431,0.0152642290565799,15.00021157642976,0.0105921734481209,1.0633613879618382,0.029671332,944.046082
6192706223599658880,0.8482905671778476,0.0146652601595473,14.922953193712642,0.0102288025295946,1.398346292725025,0.028665468,715.06311
6193117788841787392,0.725599053254648,0.0152368110808969,13.347841464934424,0.0106958961780841,1.4848988220635289,0.019174784,674.349304
6193451250102433024,0.6850513889020399,0.0175287688969991,14.404582997200269,0.0121504032257549,1.11190672962023,0.024039976,901.13623
6193755127628660864,0.8632641098118705,0.0153277253392368,14.620164614144226,0.0106997555846608,1.4658441387927366,0.026073365,682.361816
6194263720476034176,1.1956492730666108,0.0179311754278056,15.017255773485608,0.0123920099010602,2.516368705646339,0.036863133,398.025238
6194716650547236992,0.8354437693913925,0.0148492158882235,14.280979946851838,0.0104131423169537,2.040222455581015,0.024375858,491.575134
6194910576910642048,0.6992118010291999,0.0177825544988458,13.602784053297915,0.0123376710342106,1.3946596454677636,0.019529458,717.456421
6195246443353086720,1.4383493374467606,0.0158641101373029,15.518406528439458,0.0107380683459007,1.930363452896406,0.048755717,519.711243
6195297742442515200,0.7921369897995505,0.018131727295137,14.865069731118268,0.0124473636086858,1.0926727373202332,0.036889337,920.59198
6195366698142096640,0.8748720244303788,0.0147473789093337,13.34817460841542,0.0103645000461498,2.3987478768131107,0.016138515,417.686066
6195465967721489792,1.2907644530610265,0.0188394161408301,14.847187582240071,0.0129834679765443,3.4115286737656474,0.034884553,293.472809
6196275551876747520,0.9147396079355494,0.0158183817121465,14.857561621455568,0.0109971623328237,1.4945108193170535,0.038247623,668.438965
6196599839087603072,0.7433133930707694,0.0154478631567821,14.66021154753714,0.0106977701493602,1.1701822457541322,0.028432382,857.028992
6196606642315658880,0.7013332609622595,0.016921368420246,14.013800136559862,0.011799214642091,1.1843769245118552,0.026405165,842.512207
6196698760774270720,0.8344671723123267,0.0165693618704134,14.964519217807323,0.0115008702007055,1.4051349497683492,0.038405396,723.824646
6196936014767767424,0.8262092637379498,0.0152745929834934,14.943843145494531,0.010628284182627,1.010515068471185,0.029641714,991.173706
6197381454421853440,0.8194974983255581,0.0172098456985816,15.343044596074735,0.0117255437413663,1.1764563517661435,0.0409736,903.180786
6197505596157274752,0.7745555492609928,0.0155945991705209,14.437953807183831,0.0108948621078244,1.5637536297188523,0.024824074,641.610718
6197730270186566400,0.7912756082197221,0.0152696549204876,14.801493878657046,0.0106007880821371,1.4371713505351482,0.03441334,705.968506
6197959763176371328,0.7070454610936014,0.0155907528937139,14.889810239232087,0.0108808354804271,1.08582428846848,0.031235034,939.494934
6198060746449027968,1.6511569999999995,0.0141718265185181,12.004274,0.0100023345297329,32.55194569612195,0.023854205,30.7250328
6198119501601273600,0.9721988456657816,0.0180499206509481,15.370570120412353,0.012437655019728,1.638934951617731,0.037813485,619.553223
6198220484872298752,0.699612128640953,0.0152087644901095,14.438771884982351,0.0106347311571638,1.3075720269165805,0.027461033,768.950317
6198233610292645888,1.9259924741175944,0.0153368387833729,15.901960264113272,0.010063065202929,6.802001187329676,0.050092142,147.309036
6198279721061949824,1.179355740881085,0.0149038688884076,14.492843836695345,0.0104151778475594,3.297194706961108,0.026227849,304.032776
6198524048859856512,0.7908629724146803,0.014667473413393,14.4723691458479,0.0102711939021456,1.1588110858619132,0.02523492,863.265991
6198703479714585088,0.7772178135720106,0.0147306179142402,14.4604801753228,0.0102938845241907,1.5559943147787392,0.024786798,645.670959
6199394316616024448,0.7113419546996447,0.0163619876771603,14.195637234280918,0.0113799773002737,1.1159285861453432,0.028825235,898.494873
6199535775657124736,0.6613573866249032,0.0148227128023809,13.710923695029171,0.0103889473655791,1.1006228254724122,0.018084189,911.469727
6200168029203208448,0.7076108552668265,0.0214670410315657,14.584449263451637,0.0147213359741463,1.3316528146802822,0.031294387,756.519775
6200541549618602624,0.7530031970551694,0.0179440064253578,15.008777093163507,0.0123649008565384,1.22119892768152,0.04209521,835.704895
6200790485922176512,0.7377905069676511,0.0163636517852159,14.189287880139169,0.011364231269527,1.2583605909958098,0.025154006,796.752625
6201022074857588608,1.167046741917925,0.0218809247696736,14.964625736981215,0.014998876832733,1.8528254433693652,0.038482495,541.182739
6201489985776571392,0.6066390030798035,0.0147783611444189,11.50829195987885,0.0104001469843093,3.1506096954037677,0.019484207,318.290497
6201579767773648384,0.8187459778780682,0.0149194021432072,14.161856226503136,0.0104678888053457,1.7595910550558838,0.023429647,571.140076
6202599358648451072,0.919573846588812,0.0158464994061134,14.262349016848844,0.0110645914922093,1.4936659377210717,0.023371736,668.896057
6202831488740767872,0.7716149415531612,0.0162111198557692,12.80094450335459,0.0113332806452938,2.023106724916019,0.0150172375,494.28299
6202842625595869184,1.1257760216450263,0.0141744364240801,11.61251605708941,0.0100160806492182,11.219756272391816,0.017057916,89.1390991
6203114273687179520,2.020791261147679,0.0199203385448467,16.228184968633215,0.0115970359993497,3.3351943677463316,0.04767494,300.595276
6203457939788086400,1.146687154106252,0.0143750257469812,12.193822468740516,0.0101367728211702,7.097065061431638,0.015640106,140.935806
6204804665436024960,0.7775960481019137,0.0190072538040507,13.93577102894046,0.0130975744354236,1.3677487426295103,0.021189442,731.683167
6205444100167657216,1.0162237775882978,0.0190814678946207,15.109308899557307,0.0127522186225137,1.6527643695133305,0.050839294,607.367554
6205766089574562432,1.8535185762903217,0.0160868362962872,15.297957379402089,0.0110364526965353,4.036530773223783,0.048085205,248.466705
6205776122618156544,0.9699192318263778,0.0166449532937507,13.983713953779692,0.0115844549143816,2.4140639821979204,0.02229605,414.414764
6206289938145921920,0.9207712989189706,0.0221663254458724,14.045593815610331,0.0151639477686851,1.6810532439753094,0.029878536,595.621033
6207016234296453504,0.8354071258112215,0.0220433198276068,15.163848919527975,0.0150656682156219,1.2387995054415368,0.040845096,826.982849
6207229539551338624,0.859511116615234,0.0202273045529189,14.765994582347265,0.0138588920949352,1.752970057272752,0.0473764,570.852417
6207460333912305024,0.7294367714048096,0.0204442967957415,14.044871626243086,0.0140586904314083,1.1775097987609318,0.025605636,851.632935
6207492666426510976,0.9026582200671596,0.017402485422238,14.33090770371184,0.0119753710886355,2.091308378121069,0.030495644,481.517517
6207661544541743104,0.6747463581685135,0.0171077449625005,13.681824006283188,0.011880052077527,1.5739047080360675,0.020285755,637.014526
6208066474060063616,0.609857978163703,0.0204088594397053,11.030743903804266,0.0140890980917954,4.2674388020234195,0.021624068,234.477936
6208096298311872256,0.6623646698761856,0.0265181864927233,14.6168709407562,0.018106321856034,1.095114726674349,0.038369324,927.178833
6208131276526057728,1.7180079544857878,0.0215051504321657,16.407759135809407,0.0125028292412567,2.1232760613969295,0.07502222,478.934692
6208136636645128192,0.8431324573991588,0.0174898523581158,14.975456176484109,0.0119795358696335,1.3511028497081066,0.03611348,745.19989
6208464394190053248,0.8856351379726237,0.0156276487392587,15.309302922180144,0.0106669759435747,1.1245823081497868,0.03942814,901.211731
6208485972105846912,1.2932301694476855,0.0159074721375656,15.126649512576815,0.011006330556149,2.866917318601256,0.03863695,349.267517
6208655881010287488,0.7934379879074805,0.0170892153600931,13.707140112491528,0.0118828741416535,1.4044064719500082,0.02149532,711.361572
6208758307391052160,0.9307814962383892,0.0170079679309987,14.489962194992954,0.0117300161644604,1.6028125147436036,0.032612596,627.147156
6208846886797903488,0.7683211588902092,0.0154070973163102,12.301956832601393,0.0108143984581614,3.8561347319839063,0.016201774,259.243317
6210089815971933056,0.6595392427624412,0.015301980215205,11.47726135723866,0.0107341889655268,4.531408176978195,0.020428116,220.828552
6210611877835131520,0.873321142766292,0.0163729386916176,15.012484754582577,0.0111852233083162,1.490740642514167,0.039164476,682.911865
6210614042499507200,1.7747087592065254,0.0142072798597648,13.791790234900605,0.0100070653245567,12.963579994943029,0.029693348,77.1533432
6210900533998519936,1.7695163329370858,0.0230176884654278,16.33882555856504,0.0142111659446748,2.5791911266873986,0.07502074,391.459778
6211455856088564736,2.001450261249852,0.0654779113005828,15.916615387714613,0.0442240358587176,6.556289988327075,0.05144766,152.74472
6211587591325734528,1.5435308951992446,0.0193989366662435,15.47807455281405,0.013020362782553,3.494892354573954,0.04656723,286.851105
6211592607849201664,1.4552094624645706,0.0218371472350728,14.787526006984372,0.0149236722670594,4.111472454266741,0.037153944,243.193741
6211636794473409024,0.8462782581085575,0.0175965055704369,14.71838446161659,0.0121006872497625,1.4051149643475171,0.02938816,713.227661
6211961493999298560,0.7629959347466313,0.0155071461804461,10.977495778486908,0.0108820930585968,6.499439745057637,0.020507986,153.897629
6212232072641775744,1.9787098205844549,0.0269686616965163,16.390911318259406,0.0158804932509334,3.3752460281784717,0.0823907,298.524689
6212734175796659072,0.8445598656500103,0.0258196546338262,14.203084237282953,0.0175313234524851,1.7073097952244431,0.029711112,587.294739
6212852064059339904,0.9473360094791956,0.0268497530605012,14.73381002053047,0.0183059291801927,1.995519232617924,0.03308559,502.50705
6212877799502751744,0.883435215609168,0.0249716783249008,13.797292600764248,0.0170689991202752,1.498304140810646,0.02138912,666.270569
6212936898252771584,0.7909055278538608,0.0219379963238143,13.778796561686914,0.0150591715432748,1.372710290934307,0.02198641,729.046936
6213373507446982656,0.99602389183634,0.0231989842964443,14.975686330893154,0.0158104581614282,1.2509242420447877,0.04269112,803.403503
6214355096454068096,0.8495372947226231,0.0183122124880153,13.850725230111742,0.0127069453452512,2.107881665337338,0.022921164,474.934174
6215659873159897728,0.6475727706159969,0.0154837515723976,12.741924271225232,0.0108634369621792,1.477078912021352,0.016464526,677.382751
6215887162836543744,0.9707269430863926,0.0150170114236219,14.39440423509725,0.010535291876752,2.3162867622165435,0.023979176,432.656708
6215892110638317568,0.8298098077099876,0.0153585010991097,14.976901475261938,0.0107263977583068,1.2998426488427666,0.03669544,775.600586
6216035111561987712,0.6801906692412203,0.0163051066614624,12.649050537606112,0.0114118121556779,1.8995269750420511,0.01925557,526.616516
6216452621039826688,0.8030036819790685,0.0149476592586775,14.465911094628296,0.010263010202651,1.1770974991872123,0.023608569,847.238525
6216476329259351552,0.7801010582886854,0.0150461061723126,15.278818177941336,0.0103537327443118,1.213945317246014,0.035087917,849.21814
6217001655299702400,0.9211121154544653,0.0159248027214954,15.22722023025078,0.0108477139807782,1.544074046065537,0.03745656,658.750977
6217183315236367104,1.0702935703192589,0.0149847833666182,14.274209099229772,0.010489671593676,2.304251683237607,0.021394446,434.287415
6217311717582089600,1.0267487494627483,0.0164955132709786,14.982017155753288,0.0113695774305525,2.2357219925444163,0.035350524,457.193726
6217568831510874368,1.2256981492203178,0.0161919959763741,15.500825655532278,0.0111858716919044,2.3238958571660557,0.035922803,435.277924
6217578692755103104,0.7298710480279743,0.0156467646341326,13.067851222503805,0.0109576586835235,1.7224840967056776,0.013351772,580.840942
6218103881355408384,0.7926397422333059,0.0248718626807849,14.96759134533191,0.0170505823815511,1.0871096561725788,0.03409278,918.853149
6218157516906888576,0.774203155063442,0.0190468926297625,13.699548528680523,0.0131808204403299,1.3470934977722029,0.020835409,740.240173
6218629413544759296,0.7520059284471013,0.0154991494833776,14.698968428679814,0.0107785898388909,1.134876551607198,0.02561098,887.49823
6218640477380877952,0.7077604911425219,0.01529179254491,13.859588929809805,0.0107048799216405,1.639645514898483,0.017930783,611.127319
6218642676403834624,0.7693638958627188,0.0152928163964085,14.7291383724835,0.0106618412118674,1.0647774332175588,0.027600091,946.244995
6218716064509456384,0.6767301136931582,0.0152087131480699,12.57092787579637,0.0106698715766878,1.901261330102954,0.023129884,524.120667
6219364643226213376,0.7285846030224555,0.0175654070892339,14.563109413522316,0.0120914357415933,1.080978956352567,0.036212333,932.033325
6219954909171721856,0.986043967934362,0.0156770245773757,15.280067280145794,0.0108196649695921,1.4936746605552766,0.032310404,672.214783
6220019368041047168,0.7783317541505689,0.0156210416838249,14.483463748244064,0.0109146914463589,1.0758641911123332,0.024539826,931.742798
6220806652726313728,1.8641093345766209,0.0149056594247744,15.322893472108843,0.010173035882037,6.1708192669870385,0.0327784,162.103439
6220958900726886656,0.8694004012007294,0.0171283027082277,15.310767534013015,0.0105942611091966,1.1075507971542862,0.03490678,908.585388
6221073456094415104,0.9453005912790976,0.0152511633996774,15.033083957673623,0.010462985340953,1.6724150159203923,0.04170371,605.992188
6221107128638155904,0.7558456157952509,0.0149243433085835,14.869451056567682,0.0103886867148715,1.0433021226582568,0.0380689,963.509705
6221126095213747712,0.8512754892699191,0.014708837614786,14.121528205893382,0.0102813690955596,1.327990256390227,0.023632362,751.197815
6221261232064467072,0.9611714906518772,0.0146821396250254,14.352293215797411,0.0102873785238766,1.8278262166185648,0.027812328,544.486206
6221360050672085888,0.6726071848422331,0.0152055493151316,13.797033318015792,0.0106377436157272,1.3003866249814622,0.01986802,773.485291
6221565521907471744,0.7693402260184541,0.0148942450943257,14.854530487478357,0.0103548272774622,1.0972357455594128,0.028325276,914.714478
6221677946971555328,0.6812943859659394,0.0151391287958686,13.417259933479723,0.0106312798578978,1.4763636120469137,0.015199677,678.403381
6221690419556565632,0.8252636209812564,0.0148102268708868,13.450733131850392,0.0103951680142522,2.588948314879072,0.01786581,386.302582
6221744329986081152,1.032677299319876,0.0154593624634348,15.355904175940394,0.0105479176794194,1.63742323328157,0.04242107,618.162659
6221856205294387584,1.3915768585392814,0.0157247504401779,15.256848519098046,0.0107890802661073,3.0885745055223546,0.034161538,324.006683
6222410634032718464,0.8309627033057355,0.0168955839724246,14.897809254015074,0.011307586220935,1.2339746440940658,0.039555762,814.88739
6222568963706676608,0.7147268101197743,0.0156208613491092,14.236752714732452,0.0108862175806443,1.2121065475282684,0.022196807,833.368652
6222750142607247744,1.7619030592404472,0.0190314702891856,16.09712670397267,0.0120843403047704,3.8750722130773823,0.052879576,258.361603
6222774675460497920,0.9670255060457178,0.018842999516138,14.648989661670877,0.0129875832991494,1.9495680175650711,0.03375077,511.903229
6223042440901478912,1.0244950434121889,0.015517191682202,14.544663154363723,0.0107928275990568,2.201828368915333,0.024382565,456.072876
6223100886816378112,0.8378861855887987,0.0153241842476193,15.21589889934519,0.0103383361409197,1.2995899979117829,0.034732573,778.545349
6223337591054051456,0.7994146732201791,0.0155562792995375,15.324530477410953,0.010711928078089,1.0508936854285449,0.04001641,966.733765
6223996954437821696,0.8152182789899904,0.0178473145986099,15.272669506351338,0.0123078435640744,1.0825164062879955,0.03798346,944.976135
6224225824655146368,0.7766681437213286,0.018951975019603,12.550137942847767,0.0131410456540065,2.102304908104034,0.015052183,476.213867
6225271799510491776,0.7430822798543202,0.0170317122569981,14.551587994685374,0.0118072339177519,1.0773156315548047,0.037307154,927.858643
6225580904012562432,0.9387620766676208,0.0172722837667852,15.09541276147882,0.0118376660713525,1.320312732053094,0.03587187,762.56012
6225646771631138944,0.7484750537306691,0.0154761948382555,14.075136957369246,0.0107513847873906,1.579932649397611,0.023246953,634.766541
6225772219036613760,0.6421830513391491,0.0194027164311588,14.950268142059326,0.0133419056602841,0.6866256160402717,0.0406985,1461.88757
6226255901077372928,1.044628404356981,0.0237026318950809,14.383450285805466,0.0162756418802198,2.4306785993163915,0.026762592,411.220093
6226425225868771840,0.8717000124544236,0.0160234650649887,14.560863583115111,0.0111015925505787,1.3902996646999584,0.03321024,716.341675
6226754667041601664,0.904728665234956,0.0162419194196785,14.446244004528763,0.0113267379756984,2.053275953204692,0.024403986,487.869873
6226898256386627328,2.282942,0.0143545046291994,13.849345,0.0100063508566212,28.747560032064413,0.02275487,34.7844162
6227077098825672064,0.8991235039067377,0.0175167871285943,15.093054199957423,0.0120998810028422,1.4778277400148052,0.04236402,680.399475
6227142794645594368,0.8666040543190049,0.0171087720200442,14.459609232100956,0.0118670119711951,1.3837147106522043,0.031319343,725.267334
6227572841129431040,0.6868488859242065,0.0194441190146335,14.088291635579171,0.0134362587479393,1.014251071918815,0.023282945,987.086365
6228871158198745600,1.5464463031176894,0.0174235060427892,14.704520305471808,0.0118475943204926,3.1333746270317526,0.028818734,318.884338
6229365835352232576,0.7036328988375684,0.0165116459416091,13.133094634825284,0.0115095213878527,1.270889113403753,0.017315838,782.711121
6229636727529229824,1.014591180014209,0.0159348673559712,14.142672527920606,0.0110802668125738,2.6983484689760293,0.023973376,370.66803
6230142090561230080,0.8248222347906918,0.0158274060169842,14.987892334745414,0.0108939238437597,1.2795257608037602,0.03418424,792.220764
6230372610045829376,1.7715663863539948,0.0213705017444765,16.68701180347047,0.0116260553838867,3.13737754167211,0.07699593,324.001404
6230382986686644096,0.7547452720365619,0.0184568053350446,15.189834425270815,0.0122731036285009,1.1276169035248649,0.036442876,892.190063
6230421263435395584,0.8058558048455439,0.016227782568074,14.809145457683137,0.0112344326964588,1.4019933297911042,0.0280515,715.849976
6230840344868316672,0.8132695412832298,0.01720847312937,15.13595973988491,0.0117824847814114,1.0482538360496745,0.045959968,963.349792
6232043867720079616,0.7871833776859944,0.0144153993977526,8.377552569719734,0.0101626810554089,10.70536776170206,0.024680644,93.3985443
6233031091726926336,1.0485236307020096,0.0183354530581889,15.23598680780602,0.0126332586502642,1.4670770870168743,0.03793588,687.922119
6233056758451057920,2.0148666487207727,0.0146374820029052,14.49045685675712,0.0102345908154911,9.087975517331012,0.024753945,110.009323
6233124240978193024,0.9183906305768078,0.0166681224003705,15.196922795460294,0.0115233313293145,1.378634436143834,0.035402864,730.170898
6233282433212892032,0.7965112973204473,0.0149664404805277,14.885404421515334,0.0103925658145704,1.2809198399735238,0.03253524,790.887146
6233695437270488192,0.7215621147138221,0.015256457487163,13.570665756680883,0.0106842394961233,1.2243119242872509,0.017224187,816.128174
6233703580529853824,0.8143173640183327,0.0161796496775347,14.645852777749306,0.0112593020351717,1.5283633947660369,0.038491823,656.887207
6233977943039069824,1.1979909053061677,0.0167192932412965,15.217909497061903,0.0115853450941947,1.967764066588638,0.03335665,506.995789
6234018143933127168,0.7843440405053713,0.0167405157419434,14.652468997478788,0.0115645107906029,1.2779304618992535,0.033576462,786.715088
6234726538655389184,1.8470826772531752,0.0146420572436804,13.825180257512724,0.010249375642607,10.045971003860956,0.022531446,99.549324
623611629128686080,0.7046188953474166,0.0146793585079289,12.32751723348453,0.010335309039599,2.7636203939232353,0.012451213,361.436005
6241924010489984896,2.2065870000000007,0.0141801749512199,12.191792,0.0100072378369041,42.83667391927196,0.020319508,23.3418522
624850710013830400,1.8965929999999993,0.0142048680882781,12.863298,0.0100060427272021,15.240778248473712,0.02653684,65.6204453
625154342726634368,2.06677835561475,0.014844514954217,15.166238296803964,0.010008633693664,12.481483127947053,0.031976942,80.1386871
6268770373590148224,0.7588824000000001,0.014171272646495,7.0359693,0.0100030028037918,16.30451421803098,0.026034331,61.3303757
6269093011529600640,1.0783523106660555,0.0145399618061883,14.713984288415295,0.0101785787672221,2.285708917135171,0.02695267,438.375458
6269562292539788032,0.6112368674460557,0.0144151449254517,12.014698618438109,0.0101601940515771,2.3332019604189735,0.016610984,428.821503
6269779416023180928,1.2424480050337745,0.0146769915676921,14.564267980560889,0.0102464984435152,2.763080353848875,0.023838257,362.250092
6270315187423150848,1.2169919160027374,0.0146103723555646,14.8094134848091,0.0101932057506638,2.576730047578367,0.025279569,388.069305
6270837416791325312,2.1066592090838228,0.0268320616430788,16.8791969587582,0.0103927326249432,3.4590096636941627,0.072236225,291.48819
6270877553261012480,1.0601887309765867,0.0151828759944179,15.42176326571556,0.0105094707531916,1.4969156569883146,0.035927504,671.246277
6271858008395422592,2.328111999999999,0.0147774333179756,14.664224,0.0100128552745502,31.973227338742895,0.03206785,31.283638
6272142025992792064,0.9361207150278396,0.0151621100287711,13.712606068176672,0.0106312161648033,1.9998202346938871,0.018147733,499.457153
6272237816647537152,2.346081093639158,0.023419859466119,16.46427320552372,0.0112217744818764,4.989335725244027,0.06289185,200.433853
6272293861676672768,0.7179881161829476,0.0151611722396089,13.869654134790183,0.0106065151214204,1.2733152189058965,0.02668372,785.914856
6272326056751399680,0.7570500434873522,0.0150551079275872,14.71888573683177,0.0103925289996651,1.2268833151632583,0.028966466,820.085449
6272387973000219392,0.7031339966480454,0.0152942962776711,13.9828270952913,0.0106536862034863,1.2118173563121537,0.021141758,824.915771
6272873063786078592,0.8086095543660867,0.0155001455812489,14.968910509430613,0.0106638844028464,1.1432685636087416,0.03088946,879.680481
6272969271053562240,0.8289899054548989,0.0151616727834227,15.330836209210446,0.0103585869799179,1.127154599439731,0.038393255,907.456787
6273607949870173056,0.8828057947510818,0.0153223882720251,14.58293494929444,0.0106817506540239,1.3565408376085322,0.024460066,736.227051
6273868602845325568,1.149612219531863,0.0154744339883037,14.664503988403489,0.0107589831938072,2.4698601153576383,0.027576659,405.385864
6274652928297084288,1.3881717342812512,0.0162941665628425,15.410483257500989,0.0106446166845938,2.691247783960643,0.035442203,372.078491
6275163483945387904,0.8035335799371739,0.0144939829288992,14.3797773282577,0.010166570013632,1.1407880587086707,0.0250863,875.826538
6275214027120616832,0.8051704558501611,0.0158000566197008,14.834149316382026,0.0109247854184572,1.2641300751446474,0.047503315,799.190369
6275969838285692928,0.9537032573289392,0.014926702164016,15.038833213153836,0.0103206679865065,1.3031015161939596,0.029299865,763.358643
6276339617789562496,2.212050838896963,0.0242375215419727,16.818508411355214,0.0128206230873204,7.944882422951799,0.079865895,126.111412
6276443006242473088,0.6871529757612018,0.0167209112545707,14.266679324153968,0.0116143694277123,1.3084735540009245,0.02608051,764.280212
6276768289885392128,0.7551362803117555,0.0161840332849903,13.77719986965127,0.0112475724658029,1.2779232525891222,0.020273427,781.044861
6278105708342488704,0.777656141673165,0.0168251125635035,13.311220217385292,0.0117213062627682,1.9499107578359924,0.016032385,512.691345
6278172641112649728,0.9019172136670186,0.0156625881364956,15.14474025807089,0.0107051387713147,1.6051792802740026,0.035088196,635.287231
6278455249960685184,1.0137919191448768,0.0156825728823508,15.052367838269513,0.0108346570044345,1.7862690066359654,0.03148306,564.615601
6278577879866969984,0.6982192455020292,0.0155013994734654,13.780370539227848,0.0108006349338326,1.4951048720158682,0.018481467,669.594238
6278581590718915584,0.7517723525412351,0.0157509516714075,13.982875396259164,0.0109923551305086,1.002345739574635,0.021901706,995.431885
6278957383177150848,0.7214522070817103,0.0158942288429804,13.870133272124624,0.0111201311558117,1.4847642452864085,0.024135299,674.564636
6279187284186621056,0.7353475843558421,0.0152106936566115,12.646253726529684,0.0106479675153505,2.6157234120078803,0.017266538,382.413818
6279311735158794880,0.8428519174566094,0.0156797820873518,14.633909764826306,0.0109146415615783,1.6137843699893828,0.031509314,621.61908
6279397497065894016,0.6210725680965331,0.0151022713526868,13.521179111932602,0.0105832261467834,1.229642157716775,0.02002154,817.724548
6282547185562210176,0.8624437582009984,0.0157125136326355,14.68759340004985,0.0108554347401505,1.700016912305338,0.027427966,589.954285
6282813610973549056,0.8372594773106445,0.0149820525108639,13.989250549874331,0.0104673556238529,2.2403733386234106,0.020453136,447.877319
6282875729084456320,0.7449519837070436,0.0167909346101209,14.082736673474232,0.0116196433250562,1.4635963481589715,0.030042525,687.122131
6287146855018110336,0.9800673512298989,0.0156612467200514,14.551521055981572,0.0107759882304737,2.461070108884204,0.033860512,407.494385
6287379985842741376,0.8545005058942878,0.014951195383654,14.873773242495384,0.0104245586507276,1.5019380548139811,0.028820714,668.553101
6287610917644350592,0.9192081538928574,0.0148206700536962,14.769716855742049,0.0102793300246572,1.7193895969045945,0.029172255,583.825378
6288023234504896896,0.678237254136754,0.0145970976730319,13.425175161050603,0.0102430473048086,1.495611164036009,0.030598605,668.550842
6288406551746177408,0.9738406911365304,0.0152888521243458,15.184010702921846,0.0105622083919607,1.610551291997235,0.039140575,625.396057
6288481765213516416,0.7959100894233552,0.0149004790727672,14.232315529188927,0.0104339630618024,1.3321222533316517,0.022844067,752.894287
6289121268664006656,0.7784185283512902,0.0153078345884035,14.793491735760698,0.0106318087281319,1.2721180152569125,0.027141236,788.956116
6289154185293119232,1.050391627243298,0.0149476549142407,14.04167278909192,0.0104855041838353,3.3710486281698797,0.023499737,296.662811
6289304852746037760,1.0118401269685229,0.0149940504485395,15.096822496799431,0.0103088186824883,1.861517589588354,0.0552063,543.710205
6289594161743086976,0.6365272080902872,0.0154403059444163,13.378367792211224,0.0108037827824793,1.137998021021919,0.034889515,870.373047
6289804065385038720,0.6743300412987389,0.0163813688030435,13.969940515943597,0.0114231738151232,1.1776976623990054,0.02303767,845.391357
6289861652306250368,1.0557251119586597,0.0153613497360177,14.495701204201897,0.0106141106632389,2.907486977092071,0.03558242,354.355621
6290404982849038720,0.8967833108726405,0.0148885099279812,15.15873108299882,0.0103308574397238,1.3449501232847667,0.03493325,743.394775
6290518782302606464,0.7992058945710256,0.0164126321563768,15.276404219894768,0.0112607305358359,1.0984162162088444,0.034589116,920.955688
6290821457237909376,1.9710051648960325,0.0206600863994988,16.782023528094356,0.0110542163492968,2.6063517251374204,0.07407623,387.027771
6290916324475311744,1.476832593929162,0.0162549305946856,15.340760358620116,0.0111276010589658,2.9624021026724776,0.03175662,337.649628
6291861629597412608,0.754198645532937,0.0158303903671497,14.756859650909174,0.0109640386105598,1.2290700791445943,0.033784136,825.227173
6291880080776936320,1.113750204707794,0.0154136965037423,13.446465371705688,0.0107997670731832,4.844582942990081,0.01786985,206.304138
6292082524060336128,1.3591149657452717,0.015226343665551,15.58171161494678,0.010399611208969,1.7692927468561,0.041772183,563.46759
6292106270934484992,1.2693875921954587,0.0209087676569298,15.26347403206348,0.0110689035057933,2.313356933102501,0.036025196,432.278625
6292112558766705920,1.3215005989543385,0.0159266454610974,14.48893682221543,0.0110178504797603,3.2449284331530084,0.027174179,307.871796
6292112558766705920,1.3215005989543385,0.0159266454610974,14.48893682221543,0.0110178504797603,3.2449284331530084,0.027174179,307.871796
6292124820897371264,1.845981688911752,0.0175881481658824,16.110380422642546,0.0112611297853436,3.0441728469951133,0.061309714,328.314514
6292171176480287616,0.8585004927528348,0.0159939985240053,14.6913970575835,0.0110572222915576,1.5795934893506476,0.028329339,634.290344
6292625343502009600,0.8059376541579143,0.0155731953202628,14.122439235183036,0.0108494230516779,1.6838900465615192,0.020130664,594.573914
6292660665313012992,0.8394738285752504,0.0158505503766763,14.665145391636496,0.0110500403019396,1.1492634622780815,0.03207289,869.536255
6292718664551492352,0.9869998974618904,0.0154755870328801,14.05044846996957,0.0108149028615248,2.477447250400448,0.019883584,403.899902
6292826210532476800,1.0833478584935097,0.0157076101863168,15.02877904443433,0.0106106604017251,1.9979130343553064,0.03246674,502.037292
6293299756446801920,0.7375509786232053,0.0175405222855332,15.038230816304385,0.0120957854427017,1.182312278205898,0.03216576,858.321716
6294131124676363008,0.6929155695113076,0.0177171511179951,14.644550751439278,0.0122395969089498,1.025825820237628,0.028599616,974.125916
6294910094304739072,1.5538562844297634,0.0173014167774536,15.357512079697536,0.0116664682881417,2.744576277934876,0.039086796,364.291992
6295000151178996864,0.7785097011932007,0.0154768811699038,13.954450983635438,0.0108161894768954,1.842370321816278,0.021737374,545.405212
6327159217024104064,2.106323999999999,0.0143607898225787,14.28328,0.0100086426184857,24.936243735436538,0.02261024,40.1103706
6335641365117256192,0.8614336559711142,0.0160626079375858,11.68395782702472,0.0112388855878287,7.489922580009858,0.012505192,133.529587
6341094015079132032,0.888056982105661,0.0155788792416474,14.924058314482728,0.0108102084563545,1.0750669974648068,0.02208305,929.545837
6341286532693097472,0.6980876492900574,0.0155038660751942,13.728559635084396,0.010837750420982,1.3222759006035996,0.013350739,758.475708
6341605803381686528,0.7197746726642015,0.0161254933535879,14.37053732864904,0.0112187253337937,1.227694553872796,0.016209532,815.492004
6342157620779961600,1.8099850833179496,0.0143556109112661,14.821211815345915,0.0100068245125667,8.920751123135053,0.020285485,112.172798
6342274546970113280,1.9754935881340725,0.0149948559186493,16.220344602997056,0.0100184605211678,8.984132497243184,0.033017408,111.3722
6342346255744290048,0.7710559458225131,0.0160871523016533,15.10327409383526,0.011098958611632,1.0842006898286536,0.02162235,925.903625
6343730953199804032,1.1060104025556827,0.0141708307197226,12.593945379216546,0.0100079680993076,6.330456167420441,0.012054844,157.950516
6343851624601027456,1.190348158155334,0.0153791626164824,14.559946556379076,0.0107467536461308,3.0325494125621244,0.019060882,329.639069
6344109043463883648,0.8136380652486078,0.0142230768452359,11.820038374046373,0.0100438015948789,5.7378189071773535,0.010470415,174.386932
6344498755913376640,0.9017547160776146,0.0189757026222502,14.6770444019013,0.0129496913057153,1.8861738637826824,0.020747783,530.668762
6344733364206845696,0.8453629706685722,0.01520773095738,14.51479022241526,0.0106086874031321,1.878810941844281,0.0180853,536.125671
6345557551250733056,1.8069314507452847,0.0218789214599891,16.11179689016472,0.0144141464140164,2.4661769837825114,0.04157499,406.386505
6345838304673864064,0.7763673516604742,0.0150802638971337,13.683487574963957,0.0105677863427956,1.8866114942952517,0.013693805,529.981689
6346032505914921344,2.070889548923429,0.0239530535214664,16.408786290800453,0.0149094827643572,4.552681344760127,0.04130556,219.634644
6347089926863259648,1.4330941751147774,0.021859341783307,15.305148412023147,0.0149635473879812,3.403409985713933,0.026141886,294.243835
6347153973415781760,0.7909731864024796,0.0181174630398844,14.471521006226528,0.0125178387547401,1.1694756647972364,0.020620827,853.885498
6348369895836311680,1.045150033691791,0.0173537676344424,14.599897795600054,0.0120301205518511,2.2822053014438817,0.01945395,439.142517
6348604572849236608,0.7618046901030296,0.0141515413767255,9.75001062104429,0.0100042918858418,7.648610345232552,0.011530803,130.783737
6348650924136429952,0.6602930160408558,0.0195179727229019,14.29608323403447,0.0134642559221625,1.0021495935173752,0.018938158,996.422852
6348718715900041600,1.9673983971401483,0.0255812572881924,16.726615264754425,0.0133675860054459,4.331190283789673,0.058253173,231.588821
6348861686771587968,1.3689247512594742,0.0167887424871744,14.33529808412524,0.0116498011892799,4.121727153704191,0.016646918,242.812531
6349251944680151296,1.1199918587740831,0.0441906788383734,14.94463484158051,0.0297022500911242,2.1119875789420863,0.033607114,474.942657
6349282868444541696,0.6904647543999758,0.0221184818133589,12.53896182378107,0.01521035622617,1.672816926145648,0.013176214,597.775818
6351368367124373120,0.7690388161568856,0.0172333434364141,14.363323653626594,0.0119440958776386,1.136674429429186,0.016807744,878.764526
6352146099802484224,0.8613906735516199,0.015703327168153,14.818644191119196,0.0109040824350977,1.276091675501546,0.024305146,789.167419
6352678194710661376,0.846168261784715,0.0154021734741272,14.16384042505603,0.0107682107063956,2.0712019890353903,0.013748542,483.223419
6352761001679906560,1.9041943719300607,0.0169866613545829,15.662909504728372,0.0115444980266867,4.8834567621263805,0.02565036,204.738327
6353302030120504704,0.7200190456810505,0.0157733404608473,12.90816365143426,0.011037846598653,2.427258048087099,0.010286428,412.095154
6353828455672039680,0.8430659279370826,0.0192537102028937,15.193923516083192,0.0131427296663547,1.2130757078071084,0.024939,827.081177
6354629312453863424,0.7244900999388579,0.0161181170245011,14.542380388260918,0.0111954520368076,1.0944169841524598,0.019333294,915.012756
6355002184334737408,0.7369809803798134,0.0189768648666963,15.04123182450284,0.0130060417162749,1.0211453090461111,0.023201909,983.348511
6355057709671678848,1.0411916517198456,0.0191627404809354,15.0152465138183,0.0131981067210269,1.3561145749500807,0.024979277,739.810974
6355402440926985856,2.0787738506053897,0.0189828138346578,16.854841922827248,0.0100230770540886,8.182968824859236,0.061820935,122.434517
6356176806350450176,0.6581591262808127,0.014178584241038,10.705215851417826,0.0100160031446061,6.042544446521117,0.012476021,165.44928
6356293492022293504,0.8838846473024105,0.0177202031051005,15.233548917001457,0.0121366035358458,1.3360395109396297,0.02429375,751.427612
6356826961320306944,0.8891356488298574,0.0190347678167458,14.931131764955827,0.0131404662537471,1.635755246356021,0.021456225,614.715332
6356868639682369024,0.7781265907725363,0.0162315145139711,14.074698123776106,0.0113133847252245,1.361249967338074,0.017661396,735.674194
6356974467676829440,2.055579770464755,0.0159162620417584,16.420382958587634,0.0100212344669556,6.581832453097066,0.04305295,152.018707
6357307585340100480,0.8689688975522203,0.014974684858338,12.870456288544071,0.0105202500697215,2.966752392326129,0.009647213,337.177673
6357353558670230272,2.42383348625703,0.0247633577225601,16.827306236457133,0.0100340817234839,6.471203459359391,0.05083083,154.588715
6357377301249414272,0.7493723050891758,0.0168727362652313,14.907163323766005,0.0116336694072318,1.1936135327978,0.022601638,842.208557
6357586758214254848,0.7613442896289997,0.0153244397742936,14.66236276638567,0.0107105573481201,1.2365069443893617,0.024282746,813.793823
6357859059140805248,1.739903947348725,0.016549987195391,16.04473431103667,0.0109168836211693,3.398702553328935,0.033661254,294.265839
6358337518497973376,0.955182150421484,0.0177573427515299,15.160093873323364,0.0122746784612616,1.2913986556560455,0.022965344,775.867615
6358770966597345408,0.7535823410764174,0.0151435092327329,13.870888646753738,0.0106273719824796,1.909519957326016,0.014294437,522.717041
6359347385569149568,0.7145062890449427,0.0141721368222966,10.65022972652896,0.0100118780948967,6.9192186141762235,0.011446298,144.483673
6359629753899048064,1.196528217056979,0.0166608698830247,15.295703705225076,0.0113524633546389,1.6498442299061356,0.028028637,604.885132
6359633670909408000,2.395970451790019,0.0149690759755984,15.67025169603469,0.0100161891809247,7.952021710645288,0.032351207,125.827164
6360326672472739328,1.0459048193026552,0.0167598530599552,14.108955134212575,0.0116790186115119,3.2306262360153126,0.01557526,309.735626
6360548705102413952,1.2874835431531175,0.0234617394117582,15.30997326040632,0.0160508394405591,2.505768296007877,0.025744673,400.546906
6360657384953868928,0.7354148265207479,0.0182787692506084,13.050836431295089,0.0126756201764454,2.249408496944296,0.012706732,445.729706
6361452984695446656,0.9171563320430596,0.0141972373478733,11.856981191239647,0.0100270484837805,5.837621563456126,0.0102483295,171.244507
6361556579306559616,0.8030620627872018,0.0224600255539481,14.484312955300489,0.0154018677946878,1.3884183047351368,0.020000787,721.974976
6361557060342894336,1.2113140515581995,0.0267179150941109,14.709609815204402,0.0182659514469471,2.2847542931820892,0.020544222,438.063416
6361962264737381120,1.047363790392079,0.0167360650687,15.2816458925408,0.0113790044977476,1.8214244285061951,0.030695787,551.928101
6362064622397956224,0.7894284034083117,0.0174204285254159,12.365161631450745,0.0121275094094295,3.7460429401092816,0.009479654,266.943054
6362178009534728064,0.7235148831239323,0.0211306984028349,14.954009394152015,0.0144817617342232,1.021626298425,0.023331963,979.813477
6362182441940744448,1.7419368872291994,0.0317676549184258,16.470870026692108,0.0205820116777161,2.0563139536868964,0.05639919,486.410339
6362293934995599360,0.8090703341489607,0.0188816670874766,15.119737079040023,0.0129872062305457,1.1131584305084263,0.02375776,903.869629
6362365235748823552,1.0296204206968205,0.0179223832809922,13.206080794018863,0.0124603627764563,4.162501158758498,0.015004025,240.476227
6363627956134926720,0.7414238384272603,0.0166801248094533,14.381648042419148,0.0116034251630358,1.4720036652117956,0.017097224,680.284424
6363664343098056704,0.8002450528532905,0.0162776612100333,14.997734893949753,0.0112625596004222,1.0818115925569622,0.022257332,924.297729
6364333636441186816,0.7533016986000386,0.0231239653217902,13.272704380618476,0.0157934947713002,1.890948784929435,0.013999352,528.516724
6364404314422872448,0.7848460741243579,0.0260627044363136,12.740874265094718,0.0178289174517776,2.7847412604470727,0.011119453,358.952789
6364506053608474240,1.2189961123958264,0.0166205777121859,15.035324008911156,0.0115330429043767,2.0645024267554413,0.022807091,484.866821
6364694688572412416,0.9240181764096976,0.0227357954399873,14.1829251965793,0.0156079119360196,2.1768064846971877,0.017424867,459.336273
6365172117137717376,0.935382296312719,0.0161130101611721,14.6659753844812,0.0112348028832635,1.7685518332690109,0.018145923,566.460327
6365239874541708544,0.8557430678576801,0.0150398520515433,14.253043521887918,0.0105471316127755,1.7046947708874325,0.01606871,586.165466
6366129929203075328,1.616320052079061,0.0178145661878633,15.409908879153464,0.0121625471578248,3.2727611942924573,0.02714652,306.016571
6366346567353605248,0.6928979328382809,0.019247836385885,14.272612898327852,0.0133278264032303,1.035801974264121,0.016559994,967.876282
6366428618408724864,0.8416242080784191,0.0149051996135459,14.77318175586894,0.0104194874391464,1.481897800729145,0.01916483,674.855896
6366892096920081792,0.8290597185166344,0.0146846384482455,13.080102779442193,0.0103421535450528,2.279526445384122,0.010418252,439.222504
6366954150607692416,0.6831619377387672,0.0154580442167585,13.527099654663166,0.0108367482108703,1.7257429098993216,0.012423952,579.107361
6367161030592492032,0.7778952516233368,0.0162216644648097,13.784066661091558,0.0113375745124754,1.9507654206593117,0.013694061,513.446716
6367444120476928512,0.793453744988187,0.0149837568902326,15.104082304590024,0.0104235563818909,1.1024254783333538,0.026983289,912.829163
6367525518698043392,0.7672408080298228,0.015121342448136,13.760264678052131,0.0106153497612004,1.397777786097317,0.014792679,715.560425
6367790531062574976,1.731005877911217,0.0237477555690637,16.63009995804346,0.015908983420653,1.9663903774594167,0.04827189,509.312073
6367937835558139776,0.9168616089813388,0.0150431468113772,14.082582921274277,0.0105454974001381,2.496333284025979,0.014253365,401.077179
6368374479111569920,0.7120308668527403,0.0173492085955014,13.832239919968067,0.0120570580602077,1.2052144466802237,0.013331487,830.787109
6368807617973748608,1.7919930845549477,0.0179064162887775,16.506819890348318,0.0110672643708836,3.2652640111708227,0.045019526,308.077606
6368855721607376768,0.6577795238891744,0.0167213523260025,13.938405877357283,0.0116371823748401,1.4030886330890369,0.014027263,714.460999
6368880013942505472,0.7739895260063886,0.0148607888197799,13.71112860537298,0.0104366654563522,1.7749235977802205,0.013571275,564.692078
6369001269459151360,0.734392297651308,0.0148117155699026,14.6983766921232,0.0103582043930605,1.0659748036070642,0.018448325,935.508423
6369045009406156416,0.990994264112363,0.0148495189880738,14.96625701788052,0.0103777997007805,1.2975458208362949,0.025640145,769.522827
6369392936116721664,0.6796168597658747,0.0155274849477375,12.28932846817258,0.0108953092569053,2.614489824963159,0.011829506,382.662109
6369489486981822592,0.7177363395807465,0.0148723305771495,14.885529761329805,0.0104064110122983,0.9700001641770398,0.0219695,1031.89478
6369599163266859264,0.7488629401747071,0.0147800746099773,14.425859694425773,0.0103721028272629,1.32095196674742,0.016730556,758.138
6369697981874056448,0.6569269934000102,0.0150063057274165,12.720855234364668,0.0105509816768257,1.8003786811910942,0.012297122,555.610596
6369927195688823040,0.7864057542859829,0.0151083058018439,13.290835968841748,0.0106141258351748,2.3979087297995636,0.01051308,416.419464
6370008662628582784,0.7231785530729489,0.0146114496940477,13.51457599848561,0.0102908727852242,1.6259764621038102,0.011015882,614.778137
6370283677974679168,0.7326835472564275,0.0161100226236293,14.081511875993517,0.0112564693358445,1.565064917527687,0.01406533,639.547058
6370357998088019200,0.8370407893202305,0.016101863923973,14.543003018822429,0.0112280046866438,1.5939757627668902,0.017821208,627.128174
6370514128739418240,0.9709370659820666,0.0147873507291704,14.013087237433052,0.010378956254002,2.894007051987961,0.014750285,345.58429
6370674245120201728,1.9738655050018477,0.0147694619994378,16.140200698417573,0.0100128652747039,7.149582596243907,0.035649523,140.196579
6371572202523079552,1.1765519949758438,0.0168668938735183,14.31762034391269,0.0117475804677604,3.2252463753986516,0.016594678,310.050354
6371706789618118656,0.9362865068423958,0.0155536179438171,15.188880394427724,0.0108105673479033,1.5186888848012603,0.022949675,659.262878
6371799320393190656,0.6633607604415935,0.0162594144187233,11.757410602877522,0.0113773827455387,3.6317396392960193,0.010974279,275.24118
6372076053725920384,0.7104743064721145,0.0145604420429186,13.247311735608957,0.0102563151207757,1.5543040685908351,0.011196501,642.487427
6372431608298729728,0.8531976599684649,0.0146656074497704,14.77369888793007,0.0102801331781827,1.1089956145565454,0.019482085,901.822876
6372736825854622848,0.8524363067955608,0.0155430023005232,14.964559934774089,0.0108518372140101,1.1299225056747644,0.020859893,886.310547
637275912962302208,1.938359,0.0142432170904708,13.841295,0.0100029479106083,17.72183365718878,0.019887831,56.4066429
6372913778507602560,0.9948559859373488,0.0147587313271553,15.273434704369414,0.0102747499567838,1.3715141283455488,0.024689207,730.964111
6373035961737197184,0.8219682238352208,0.0150430703830851,13.96823276175784,0.0105644623304686,1.9709262733682076,0.014227721,507.408813
6373287303223513216,0.6467469884728341,0.0145027671994306,13.624991585726557,0.01021662953332,1.0777541393615613,0.01293654,926.408081
6373461850694410752,1.0417608897963957,0.0148829445911588,14.224170090918538,0.0104586815403962,2.327351895873438,0.017786032,428.431702
6373569259236973696,0.9993003268001244,0.0148751630442366,16.150502164274325,0.0101326096553146,0.950405280446526,0.03856245,1059.46362
6373700753955101568,0.6875856478365827,0.0148844192695533,14.20690650155706,0.0104486825798581,1.2916542878141155,0.017116515,775.310913
6373753320058053760,0.8547972513645505,0.0141544860808534,10.969536900306611,0.0100043557069336,7.785981825645529,0.01194435,128.433792
6374253327268119680,0.6518034750072331,0.0146548714375138,13.498139367507765,0.0103203254512296,1.5697685415454006,0.0131132435,637.298096
6374455603047524608,0.7452027549296167,0.0149891109434661,14.824433505180307,0.0104593948350937,1.1537468321007756,0.02120433,868.651245
6375247663736056320,0.7899155988919054,0.0145741778817938,14.909587056962986,0.010190122468608,1.1879534093555877,0.020168055,843.611816
6375769038406293760,0.6719489685877695,0.014640412198503,14.21629371480811,0.0102934375657037,1.06828951006242,0.015787775,938.551697
6376248906512218240,0.6968671752967688,0.0151899876043999,14.04229815329092,0.0106627810062252,1.2908754409710843,0.015603344,778.138245
6376725166845641472,1.0949505733041611,0.0149305947416762,15.46213536885468,0.0103642555482649,1.554522477667719,0.029101549,645.68396
6377744856504839936,0.7697410153497604,0.0141598819567443,10.890070651600391,0.0100040020073038,6.358200190396191,0.011270963,157.326447
6378397317872496256,0.8223287380310085,0.015218689645228,14.93292378524568,0.0105665898714214,1.4294597026242923,0.022052754,699.846436
6378704459573766016,1.6516199999999994,0.0141648269468691,12.167246,0.0100013865688184,15.49353716390118,0.010471602,64.5488205
6378892441702254976,0.6231335091811625,0.014750803986948,13.507184251195971,0.0103771986894628,1.3173010976018051,0.0120660905,759.153687
6378949375788871168,0.6526181893175149,0.0147053793380417,14.145254664337822,0.0103324124645421,1.0404654296988325,0.0151686575,960.572327
6379195803832606336,0.777505600609772,0.0146996882726255,13.938453980341672,0.0103258002445699,1.2034387001688809,0.013311026,831.39032
6380173956864087296,0.6774367680676754,0.0146573275506415,14.399935881368998,0.0102938249019624,1.233410699178607,0.015299757,812.819214
6380347988938769920,0.7657286012145184,0.0145619237583199,14.209701182465508,0.0102080671422054,1.6472842371111351,0.014668632,607.608765
6380977562424979712,0.7933090304653334,0.0147370762734927,14.03176338749915,0.0103323562235569,1.5810895106741518,0.018253015,633.721191
6381158329008416384,1.9347909220638149,0.0149182791848698,16.162322456436684,0.0100954354368011,4.859466416182247,0.034672134,205.93251
6381485021401044224,0.9769114005815278,0.0144717334993224,13.676753828229602,0.0101649809815887,2.711021824990288,0.013530358,368.999481
6381690355197808768,0.755404362589664,0.0153145851525716,13.844233557102283,0.0107397770637406,1.7412462180683226,0.013520877,573.832336
6381700319521867904,1.383439088858918,0.0149875086354069,15.624920639490767,0.0103169868402928,1.8864821624464303,0.030062247,529.807373
6381933381627249792,0.7150623638496032,0.0151743250955117,14.012908917862802,0.0106212101277541,1.5747359396124736,0.015430924,635.314026
6382405106475197056,0.6445446835981335,0.0147312321282442,14.280324138883602,0.0103446489619358,1.1569089004332935,0.015799468,863.77179
6382424725885753984,0.8346126102571884,0.0146461353580415,14.112887582307318,0.01029097755212,2.0269798247758097,0.014649987,494.476776
6382699260195307264,0.6447748939049052,0.0145973050118195,13.502645840898232,0.0102722270315129,1.0806335924722974,0.01160724,924.717834
6383079038383806336,1.393223724285349,0.0141581173347472,12.86380529651608,0.0100035245432122,6.95107724669729,0.012693792,143.840393
6383079175822756608,0.966189,0.019470985997303,17.27521,0.0100278087174343,0.5174286506372592,0.065829255,2015.17603
6383618623715635200,2.003305536201244,0.0150233278266402,15.655017029207704,0.0101483729612365,4.607291643265397,0.032162983,217.334656
6383716926926354688,0.7138697916351386,0.0147895446502931,15.044076693947035,0.0103319386648469,1.0616283564767208,0.020884767,943.612061
6384134810064258816,0.8721974606095749,0.0146761826181656,14.46502458213306,0.0102961888939125,1.7872120803895186,0.0156223625,559.891907
6384915703838170240,0.7446695641442732,0.0149960176075052,14.94704947968482,0.0104761321875914,0.8473136148170882,0.02257474,1174.67517
6384921373194985856,0.9251738092417896,0.0147988171241562,13.7083262481641,0.0104046276425163,3.1142814168883,0.012736116,321.342133
6385304415558377472,1.580676713977326,0.0171016380689216,16.80146546084288,0.0105186199095994,1.7561280716889698,0.051932063,577.862305
6385522393738567296,0.6912836257828912,0.0147779716536512,13.832390268142136,0.0103859314000563,1.7405026093079938,0.014425234,575.019104
6385561220242580352,0.8364183146537831,0.0148760471892351,14.951182409834953,0.010412673459506,1.3840589925685176,0.023017425,722.881042
6385715151870457344,0.6474890184057548,0.0150284648676997,14.573126754290897,0.0105421256268463,1.10200590439969,0.018260673,905.496826
6386050537276814208,0.9188714561431598,0.014579538872402,13.872852590549522,0.0102545673770973,3.0703767874607433,0.015579424,325.721497
6386892282147613440,0.7023818332560333,0.0144296868796089,12.959853395736102,0.0101752533477532,1.6067601641667442,0.011753438,621.593384
6387102799968300288,0.8916697427021183,0.014578240670475,15.120737704581042,0.0101825113291798,1.491266271717898,0.023013977,672.710632
6387913041254959232,0.8894004111851265,0.0153518498854185,15.360739688680548,0.0106434827844932,1.309240245178003,0.024684733,764.079285
6388720666905131264,0.7714544089419234,0.0144350207697295,14.193902093596073,0.0101536614084864,1.4972003580288733,0.01577984,667.341614
6389544407272524416,0.7237967429566751,0.014315566853593,13.483003228069776,0.0100735641070198,1.747089795527114,0.012857397,573.46698
6389999227129640832,0.6711781407354628,0.014714940275332,14.678448581211333,0.0103292776818954,1.0014035485145267,0.020562565,1006.52545
6390252527120765568,1.028314943601535,0.0148508419158261,15.329906546008743,0.0103009168782385,1.7223082827502147,0.027139416,584.91687
6390292178258854656,0.9089867861676192,0.0143807002856256,14.179145228296008,0.0101312641041411,2.4537743578738933,0.01455372,408.300446
6390538984259556224,0.5976541059854521,0.0145500835571674,14.068600037826933,0.0102230362987346,1.0589044096639315,0.016115671,944.485718
6390593203926729344,1.913535909857022,0.016183936395637,16.866281413746226,0.01014157849947,2.315520418119068,0.05517669,432.472015
6390967209679249536,1.0398175518604014,0.015280093084441,14.971985486483913,0.0106629803912834,1.7257068633558834,0.020426996,579.774109
6390991776891705088,0.772950735710085,0.014802931161627,14.084144144007888,0.0103925125704763,1.835059854064139,0.015833803,546.199585
6391750165036853760,0.6416962623424002,0.0150917543898389,14.1197110266057,0.010594762250487,1.0764352145780551,0.014912343,928.866638
6392453405802311936,0.919168468143095,0.0153015333704701,15.191239279333905,0.0106890207011249,1.18197386596386,0.026655886,840.17926
6393172177169079680,0.8768659438477614,0.0145806008499069,14.972479713549353,0.0102127676952263,1.41445671618962,0.021073256,707.700317
6393455129614461312,0.7371875941867243,0.0146357855627859,14.877657416012896,0.0102802855686739,1.0491240960539705,0.019802285,956.077209
6393993649794017408,0.8717666052776534,0.0149808860636832,14.849229333084908,0.0104935815912489,1.110763016429297,0.02688191,901.85498
6394027219258374144,1.841533156194538,0.0156464836512255,16.388756697911596,0.0102167785128165,3.0859718732602475,0.041906618,324.870209
6394071199723629184,0.7156649092649697,0.0144267096067406,13.620556974358502,0.010169608966643,1.8669533915064804,0.013396555,536.1828
6394382705111707008,0.8661725964429209,0.0150361240627399,15.27490464066214,0.0104887525592024,1.2154221179005429,0.024702556,827.472229
6394393940746173056,0.7993940002305714,0.0149886960473481,15.297266712304896,0.0103385203000851,1.0598904157026023,0.026091946,946.035217
6394603775668058368,0.8169357389811205,0.0145111072086607,14.5872522919034,0.0101872599688363,1.6245154739233878,0.017905269,616.944702
6395017776155885056,0.7047303517061233,0.0146394225115474,14.560504824445838,0.0102872244323243,1.196460873939489,0.017005358,836.704834
6395298770096350592,0.7717481195740913,0.0145183010916784,14.096188782915153,0.0102213906807608,1.9971887086410385,0.013879063,500.951904
6395326738923518976,0.885905461238041,0.0143424355285848,14.226846244350645,0.0100930742164087,2.2163137021841925,0.014372389,450.871674
6395636491965553408,0.938985662785974,0.0144856357845774,13.827790501060855,0.0101990400482287,3.1442233324522313,0.013145274,317.892578
6395841104206998272,0.8454998896248065,0.0145778916241723,14.977135319404288,0.010206112445639,1.0331921146154477,0.02026571,965.435242
6396105124436472064,0.6266513252050514,0.0143490929072403,11.364263909411102,0.0101289819502305,4.059301691929903,0.014265026,246.195114
6396465283214663040,0.7271114439532127,0.01466707500385,15.145452790021997,0.0102099834375249,0.9758831345365984,0.03040638,1031.271
6397887600292497408,0.9973950000000008,0.016447007779115,16.888178,0.0100155909946601,31.847174162930543,0.04961701,31.3969517
6397929729622699392,0.7292338891319969,0.0150451945120272,14.00084553759115,0.0105716633491647,1.3025296873678116,0.0138073135,766.638733
6397996902911354624,0.6173699603449072,0.0150686313351029,14.083505125210976,0.0105764827220887,1.115983981188962,0.014948732,900.017029
6400255643392619520,2.1453186078891298,0.0201708527324693,16.958482025725235,0.0100281849852974,5.121567355922993,0.06143841,195.31131
6400364185805869056,0.7022943089146718,0.0145523272421682,13.465014406134808,0.0102520208725582,1.1822387284505738,0.013303338,847.23645
6400892260625409280,1.3448283104410663,0.0145689475404297,15.266255406629544,0.0101544146466454,2.101586680105837,0.023638548,476.241852
6401369929708376704,0.9750246703200302,0.014191412620279,13.224196983977006,0.0100222437711804,3.0621148624332064,0.012392511,326.557678
6402177039962426112,0.7420797247564102,0.0141479257768441,10.05512327804554,0.0100018472226819,7.454020828699226,0.012689517,134.152634
6402221913780927616,0.904550606833818,0.0147217001285503,14.86579286390286,0.0103387082304953,1.851298656638706,0.01907918,540.377686
6402259950011279232,1.0283106939526694,0.0145694465596199,15.218472906849046,0.0101999018459232,1.575738489536011,0.024482151,635.483887
6402337328141827968,0.9411086564771934,0.0152550171801485,14.708675435739725,0.0106806653460466,1.8439700860033916,0.017942294,543.936768
6402390345218282240,0.6313529300210263,0.0146881193110064,13.499782207715716,0.010343962128875,1.3432631359396965,0.012082988,745.387817
6402427453735774464,0.8394758127308053,0.014672065653858,15.169706930374348,0.0102618189696279,1.270549423680116,0.025418628,797.645203
6403419762979893888,0.8080906535727929,0.0147598820446871,15.095147425348507,0.0103517217181872,1.1511800072731584,0.023533776,873.872803
6403481473070190592,1.0505974161454497,0.0142050380466374,13.515505160626535,0.0100295422404938,4.48667778695952,0.013140858,222.81781
6403724533859497472,0.869260903552044,0.0143886606033227,14.909940590563108,0.0101177204850744,1.6910171030405898,0.0205951,593.2052
6403797617023112576,0.7779786395844426,0.0147651309976237,12.401167112910716,0.0104012456095726,3.1896735177711233,0.011434675,313.420959
6404163131622294656,0.7704996172203751,0.0143950600575792,12.380064869217618,0.0101562763075952,2.729589591205664,0.010886675,366.199829
6404529238931390080,0.7387975352015856,0.0144836888198307,14.594106075724094,0.0101759135216894,1.0645226185283383,0.018964326,940.096252
6404934202807340288,1.0049226190916047,0.0145100275671894,14.61408664761084,0.0101890772610919,2.5198992368701973,0.022535866,398.621918
6405638989761127040,0.6497753662766026,0.014631982790763,11.59405053266886,0.0103141569396289,3.2971370873786996,0.015558142,303.129913
6405659193287385600,0.876937801727919,0.0145610514268986,15.005855325819196,0.0102112891017087,1.586754500468,0.022351222,628.127563
6405754369762458240,0.9330684602202038,0.0147985039916996,14.671055893737872,0.0103784668987804,1.7913180507488575,0.01844477,557.939514
6405906549043912192,0.8519648399993572,0.0144916390517051,14.04523106479296,0.0102119532733514,1.690812747889948,0.015210002,592.459045
6406013231735573248,1.9055143953315683,0.0184183686144491,16.67986967292157,0.010265280562113,4.0965368818104615,0.052736215,244.590622
6407205622031836416,0.6608752648379264,0.0144296398269973,12.57713158827391,0.0101815916886123,2.0743966020862477,0.012571145,482.160492
6407857494988631936,0.6985954562739677,0.0143541570457779,14.307951719128718,0.010117311861305,1.265023831405735,0.017286329,791.376404
6407913638801195776,0.9226047381526804,0.0146844765239312,15.194452184993862,0.0102826508754169,1.416382493230454,0.024201114,705.99762
6407930612511861376,0.687277284306148,0.0144728757160612,14.489684050405694,0.0101943530451586,1.1417241573579922,0.01867937,875.792786
6408229301717051648,0.7243613741412958,0.0142451149404735,13.620903002899473,0.0100584606116101,1.520143045973806,0.013082617,658.130249
6408560151638218240,0.8680230010522479,0.0142365074414134,14.258572141235408,0.0100441639899272,2.0191042770094794,0.01753343,496.386963
6408827676561512448,1.125971236073651,0.0163790631622207,15.160302848092275,0.0102773138742358,2.200125782990255,0.024147468,455.635498
6409276242945838592,0.8285371916299863,0.0148403326512356,14.417828249869393,0.0104201963430132,1.2414200145960357,0.017531358,805.197021
6409405607361452800,0.8532285490140157,0.0151176780589213,14.887574425356071,0.010588804653766,1.6144846580145644,0.021362394,622.62677
6410431726586549504,0.7786953020214937,0.0146958242634681,14.897440376016847,0.0103141432017918,1.2192620094436764,0.024920471,823.756409
6410496563412640896,0.7642150585003012,0.0147575450327895,14.962387719507836,0.010308400863727,1.1413107821579105,0.022881994,879.80304
6410741307829229312,0.9631882829504994,0.0148600744058558,14.565357835951437,0.0104285492356165,1.6737510992916005,0.021832062,597.098694
6410836827902017408,0.8137264216913591,0.0151618742877224,14.88451568211739,0.0105945558084076,1.417875425332119,0.020208921,706.987244
6410917195330527488,0.7907875225356121,0.0142495307915559,14.58314472222905,0.010034243534563,1.6313656315738043,0.018886583,614.580933
6411315386041583744,0.8527003549520409,0.0146827732356873,15.328732193843004,0.0102131495380502,1.2632115235106691,0.027754296,799.201294
6411350024953898112,0.9649286834351596,0.0148058106573221,15.429179070775644,0.0102817262989423,1.3361850422645267,0.027706947,752.009705
6411827453518816128,1.9287021217426392,0.0166556780289212,16.4882440534018,0.0101431829544886,3.834021624090699,0.0461543,260.725372
6411931391727494400,0.888283367726005,0.0144145681097915,14.423963334469292,0.0101415974833047,1.8912297556270556,0.019580677,527.638977
6412487572812419584,0.6822152547310509,0.0144296494162588,14.15260848906247,0.0101664446022383,1.0714325573496362,0.016052201,937.158447
6412567253045706496,0.7034744770938471,0.014419301446257,13.654034797644176,0.0101658622086877,1.2618715814882429,0.013732536,793.632812
6412740971586731520,0.7336478219219327,0.0143567526466201,12.60847366948282,0.0101333312668882,1.9699692307006629,0.015589361,507.214172
6412793821160171264,1.0212661025942054,0.0146850607235577,15.267194087038323,0.0102084813810762,1.6970882454402465,0.028179066,587.861145
6412887520166779520,0.768099670344192,0.014547511943575,14.82928020799411,0.0101981069845254,1.2049230531090611,0.025386864,835.719543
6413148035704586624,0.7269392324731544,0.0157997999462394,14.01435409787244,0.0109991799074218,1.060274752690347,0.017559746,944.005859
6413709714348122112,1.0037114416262676,0.0168638163947383,13.740662649983353,0.0117511228722461,2.382654979821844,0.012351558,420.240967
6413968580617113472,0.8054610713242232,0.0176309892656542,12.758190357808264,0.0122817390642588,3.743332192866923,0.011223132,267.039154
6414397287072617728,0.9223873650035656,0.0174772144212084,15.091297786895431,0.0120657696691307,1.7783653796616756,0.025825137,571.569275
6414469202005109888,0.8623100378871268,0.0141621792455532,11.237252641387272,0.0100108435341533,6.775907569794146,0.0132829975,147.608063
641469514735073024,1.1866127702145246,0.0161535285479404,16.971015372153175,0.0102693422988035,5.070740101913255,0.07935403,197.156219
6414708586302630912,1.0387578279347194,0.0174976223200108,15.173193080485458,0.0120920040720219,2.0172244583818015,0.025673179,499.73053
6414735215100022528,1.1342199656289496,0.0172594168180824,16.2748055953541,0.0112621666723767,1.4502910661177435,0.04331049,707.698364
6414791152754029824,1.3720392637339085,0.0187893954761869,15.4157262689735,0.0128582271575663,2.4572196414007936,0.029298007,408.288422
6414802354028920064,0.8746827478924056,0.0158649231387695,15.046405920307766,0.010973668064065,1.3528926168065671,0.026413195,742.545349
6415582045211238016,0.8069337234681333,0.0151524043655057,14.888076106092877,0.0105956107139181,1.4719769167840868,0.021650134,689.315857
6415983195157228544,0.7208511683873222,0.0160143817143508,13.317927728468758,0.0112114268514592,1.30576050093842,0.012795239,765.772095
6415988246037895296,0.7911990700334368,0.0159232551258672,13.425522201589304,0.0111509646077574,2.0438789713045433,0.012087358,489.665222
6416132763097792128,0.7971822350852866,0.0179610264634992,14.657887509642352,0.0124393099592703,1.4383434383092553,0.021004876,692.67572
6416219968114171776,0.7842253661260652,0.0172336926911604,14.682904360468438,0.0119666646402079,1.3654173558651417,0.022939254,739.165649
6416262471109764608,0.7249262693170025,0.0152746603234689,13.050147912811417,0.0107226791794162,2.0496161573357767,0.010479043,487.971741
6416733302605494656,0.7611318567723521,0.0145189242729278,14.179005522986406,0.0102145134893642,1.571348384907528,0.015630106,637.535767
6417435581298086016,0.9331088699438036,0.0165259441767545,14.080928705534289,0.0115452296633776,2.6631830582788565,0.01476692,374.89386
6417437436724112640,0.9928417462739422,0.0149120632673328,14.909079442639566,0.0104546446329341,1.5487838830653686,0.021334665,644.164612
6418022342550650752,0.741001091553439,0.0161928867776522,14.44098659621226,0.0112936427288392,1.0614978041455565,0.020121891,940.721008
6418088485046413696,0.7884984763489458,0.0148765364982745,14.459652434235638,0.0104172738932618,1.093346914304624,0.019128619,912.71228
6418089859435867904,0.6684900855275048,0.0167602472740291,12.032036059276514,0.0117018253119598,2.9051115336444084,0.010371173,344.28717
6418186341581757696,0.7936986703473241,0.0159617270657779,14.727063084513413,0.0111156254930248,1.222910066551414,0.020838924,818.699585
6418628791932276736,0.7982094042425641,0.0153773049049724,14.38838152287502,0.0107479718112211,1.1442536780047716,0.018079283,874.354187
6418740117485205248,0.910875912579976,0.0148192883994529,13.205497670764167,0.0104295383584087,3.1383093605043575,0.011882869,318.805603
6419257300266866048,0.6071746341531827,0.0153795057269294,13.308467734496034,0.010780365437556,1.3383515220995128,0.012742145,747.674255
6419586260403370368,0.807851361491267,0.0148430681288268,13.369613421831982,0.0104445073238635,1.9966161708137145,0.014164869,500.185791
6419615088222248576,1.7162779689675047,0.0163020702495472,16.36633143466189,0.0105988444518566,2.9623937568908625,0.0433119,337.888641
6419920683736537856,0.7004633010464778,0.0150616321503001,13.957127508536733,0.0105800883178333,1.0683695327808755,0.015493262,933.718384
6420311250880802048,0.7206840062565345,0.0150008604943051,14.386899324301226,0.0105304386509528,1.0011470362587456,0.017285433,999.465454
6420328190231835264,0.9619315684831232,0.015202840533007,14.84764853882127,0.0106046870288762,1.345594441503645,0.020329427,744.247131
6420381516545883776,0.8452992501272732,0.0141548230640831,11.778344291405372,0.0100034522330644,6.748173036503047,0.01150686,148.166443
6420677697491516672,0.8857244689752798,0.0164928517610968,14.519030983102894,0.0115043887853109,1.4237489964360552,0.018126234,702.193665
6420726076002798592,0.6732313964139853,0.0149090139759393,14.173852946175868,0.0104746346648798,1.2067430778636823,0.01647808,829.272949
6421234943728350720,0.687327546265048,0.0149278890996268,14.34393162954751,0.0104893625282362,1.1344830758543747,0.019000318,882.336426
6421554076979917568,0.779076049699926,0.0146862965580894,13.958307182114384,0.0103400731450699,1.7815439954944832,0.016504316,562.792419
6421598504119793664,0.8391170479666011,0.0147412838074443,13.95010687129697,0.0103701988091341,2.4491386292155064,0.016165135,408.411011
6422247800094910976,1.379834571795412,0.0141599365800806,11.861753683163627,0.0100026589763167,10.5232205564088,0.01217152,95.0392685
6422526457573317632,0.6555664759398288,0.0151064712476504,14.1208500448342,0.0106012715923037,1.116457934551047,0.015967218,898.295349
6422752235413183744,0.8185021591043338,0.0147125003971328,14.410544429862757,0.0103472816787939,1.616447553849251,0.022070425,619.207947
6423042162885872768,2.0692908180835037,0.0142580588854994,14.646621785636524,0.0100051875068479,7.9448755417023,0.022465631,125.834999
6423102395507161216,0.6730906686006606,0.0143217204846785,12.834226728876322,0.0101079207582782,2.622114002071342,0.013427867,381.290039
6423131738723385984,0.6896878652299762,0.0146028370385682,14.44598000403499,0.0102757448351933,1.1109326831387865,0.017752375,904.110168
6423629164657152640,1.671508365918276,0.020194553606136,16.569405866124743,0.012817368823095,2.122936262644655,0.053524405,475.002472
6423712830619283968,0.9208952156387012,0.0151807342728632,15.241611242467156,0.0105299134066294,1.1503963651118008,0.026940135,873.013
6423811408708962688,0.9973205005407478,0.0151002662127138,15.291295070040317,0.0105490818015825,1.7414697481379808,0.028410343,573.639404
6424026809908728064,0.7768845838813038,0.0148054210986009,13.467944271627962,0.0104161660756753,2.028729966426363,0.0126952585,493.19635
6425224452948492416,0.6548803060927302,0.0146364949112492,13.34171762229338,0.0103103562194309,1.6009362462476373,0.012360541,624.895386
6425452253717469568,0.8509941604872246,0.0141638835633012,12.010027289647509,0.0100097687040351,4.795436161294023,0.0131145865,208.570724
6425732255522211200,0.9002719858558365,0.0144788321412518,15.4171464160781,0.0101259285275179,1.2498547658004164,0.029809175,806.193542
6425800390883937792,0.6156992483069028,0.0141619335426181,10.682000866620204,0.0100101622272924,4.648338366409415,0.011439745,215.09816
6425897457145199616,1.929680005785972,0.014494713237193,15.849440739867152,0.0100042058640738,8.036727655496845,0.035429265,124.533752
6426020842965599616,0.9768744148501104,0.0148881596682697,15.37807791117854,0.0104049603066388,1.216146280135472,0.02963326,818.045044
6426396772862418304,2.4746289999999984,0.0142737716282039,14.843366,0.010003315785164,22.355553740226153,0.021709593,44.7401695
6426637011856672384,0.7111009706701865,0.0142197379416268,11.517849476655632,0.0100481266656959,4.734118986723819,0.019505851,211.100983
6426710958311781504,0.7305883512012562,0.0160272268151226,14.052937792004334,0.0111858429971944,1.5589769393636288,0.017877506,642.210938
6426832866661864320,0.9215055421132046,0.0155324162446705,15.019485754787697,0.0108168849936135,1.5644236502472373,0.023683717,642.468201
6426921411707598720,2.6429885141232616,0.0193500863296468,17.023795667417083,0.0100442872689466,4.81489272466268,0.0623163,207.965866
6427144990525601408,0.8486798532528863,0.015946240017574,14.46437909011266,0.0111502676799306,1.610474717669797,0.02082212,621.19574
6427170244933275136,0.6560547433802133,0.0158345287646155,14.214323325731208,0.0110846921537657,1.0727174214925566,0.02022186,934.643616
6427173818346238848,0.7836541501487001,0.016396118290614,14.937253102826451,0.0114258955016374,1.033654510145562,0.023570986,969.23468
6427279749419505920,0.8003030022062969,0.0148937933488999,13.983630747556342,0.0104725787132834,1.953540264807167,0.017710079,512.71521
6427436429826521344,0.6527710988338233,0.0152952850309706,13.36700085467285,0.0107440027025799,1.3068392265247029,0.013056484,765.934753
6427942136457053568,0.9019220846358728,0.0171721663028221,14.094355684691775,0.0119625537280044,2.176778241992757,0.01784703,459.011261
6428154376563015424,0.9005122264911081,0.0179255403280001,13.4459438370496,0.0124658162626839,2.530698069098488,0.014661045,394.910248
6428940836611261696,0.6945516538110178,0.0145766957302679,13.961651447595385,0.0102635534592516,1.4957660901261176,0.015425038,670.399963
6430851341143695360,0.783339781741129,0.0156597785901349,14.987306018871069,0.0109408026493966,1.2806752944794568,0.025467433,789.240295
6431061141705494784,0.7459842204745808,0.0155711026480657,14.586498038630612,0.0109004534679715,1.4204961593416785,0.020947235,706.503906
6431280769155134208,1.2710457011778478,0.0180400476339014,16.69980399571264,0.0113922481218009,0.9728314303898136,0.064591415,1046.88843
6431381580626809088,1.6437004307203351,0.016712007050867,16.115082442707855,0.0111835636267129,1.8615107340093424,0.041272473,540.94696
6431785444991835136,0.8374585809525721,0.0152275709194764,14.401501858042565,0.010664340463972,1.6721112319034463,0.018819882,597.383911
6431928140987451008,0.8082728081751178,0.015048360742464,14.471949551211065,0.0105615907541249,1.5173795800203678,0.029565437,661.237671
6432216797149756032,0.941106593040099,0.0145665359653298,13.849220229802995,0.0102619330430163,2.143343849282979,0.014724856,466.637909
6432903923198210688,1.253223788753497,0.0147610844876233,15.3406976860206,0.0103022577369804,1.7562927172820222,0.034495007,569.954956
6433155024164159488,1.8132754486750704,0.0175913957978678,16.68169447216618,0.0111381154485193,2.62369943703561,0.054941297,383.718567
6434025150178666880,0.7764207696218747,0.0149314187198548,14.4011647523769,0.0104970024337696,1.153728920568278,0.02376216,867.769165
6434310817041300096,0.6478631100697871,0.0146311640420514,13.595154585581264,0.010310171462801,1.5611219738607447,0.015547154,640.473083
6434352220525884416,0.6747140606115105,0.0144440862257035,14.348440423298989,0.0101563683707618,1.179425872548206,0.019098181,848.896851
6434429461218510720,0.9934493235088514,0.0150380563589329,13.602154636194872,0.0105729852472243,3.6285371023438246,0.01327595,275.313171
6434468081564761856,0.8231117916837376,0.014990920350873,14.736802057236002,0.0105126167331463,1.5878122815726226,0.02309595,635.617249
6435588449552377728,0.6669448941750244,0.0150637619126707,14.558048887419115,0.0105660117860853,1.0831563251650338,0.025312368,930.4552
6435697713525257728,0.8151700227287326,0.0151981129780553,14.98373392235586,0.0106304937943612,1.2213008754166488,0.023944585,826.119629
6435864186457073664,0.7674857432602332,0.0148128043112544,14.886341550683596,0.0103752590013634,1.1586036491812173,0.022528023,868.377563
6436019355036529536,0.6722898380439629,0.0149595680472968,14.550731768079146,0.0105049645447888,0.982579924520214,0.019961413,1022.95703
6436848902196862208,0.92601196328091,0.0147772574139935,15.100023283362315,0.0103163765704426,1.3624046860808017,0.026711712,736.029053
6436965755367064448,0.8995184186387011,0.0168552797228042,13.23643315812575,0.0117294424114936,2.661429273813434,0.0132050235,375.812469
6437551524487027712,0.7656330004740202,0.0145977966305849,14.568106071123491,0.0102665028446291,1.4805691217713477,0.021118704,679.685181
6439131557055932800,0.6752026101945249,0.0157595499510623,12.0124848727445,0.0110465337198469,3.146519116739144,0.014117851,317.502075
6440610262752704896,0.6971969289169336,0.0650628275519823,16.76303569955318,0.0299707686899134,3.2987897749473167,0.06667486,304.254181
6440673484671695232,1.8172011478120595,0.0142985756612273,14.648936016038054,0.0100148019150776,5.408505856515792,0.021591723,184.842529
6441290173255823616,0.8102295574999702,0.0164392517245851,13.658569085635536,0.0114787049390411,1.8262526102583896,0.016382309,548.343689
6441720632058189184,1.3002038790573074,0.0151231098635492,15.116047141831029,0.0105434944399139,2.839121948462527,0.027218211,353.023834
6442250081266654080,1.4456732980782003,0.0157471134962382,15.349583399960537,0.0109029155703032,2.640646420331254,0.032297898,378.849304
6442325152998521728,0.931673015214572,0.0167280398732603,14.971356583545516,0.0115924315877472,1.3821955361181193,0.026966486,726.458496
6442325363453645440,0.7177242041865093,0.0171802244206047,14.294799570467688,0.0119303319508612,1.1036475884117938,0.019860843,907.410889
6442445863055132416,0.7905866759379914,0.0147312262115327,14.852951882118823,0.0103448863792672,1.316568309452161,0.022386612,763.271912
6442563128547607680,2.2043363727841543,0.0202699647331485,16.92484435381767,0.0113009417548868,3.2661501715423795,0.06405808,306.957245
6443362512155829632,0.7139056813344353,0.0147279095423931,13.561029531653435,0.010362527098826,1.147514015367794,0.016485265,873.63269
6443652542707624960,0.9188815214222128,0.0153633431396847,15.212633494920404,0.0105992023578164,1.66051602656501,0.033276338,602.161011
6443711813256023296,0.9517425722851804,0.0147593155169195,15.309483977077502,0.010238059024048,1.524210505071826,0.029367054,658.816833
6443876705640863488,0.8348212186993921,0.014933584711895,14.921536458968085,0.0103946923721434,1.0148243170309263,0.027287643,986.697021
6444140107394647680,1.0088941204084472,0.0146200782593817,15.09604814770524,0.0101877363016936,2.049209348751536,0.02597938,490.505188
6444376188861383040,0.8239368199799525,0.0150120911149705,14.987832687564604,0.0104115087766056,1.3532736834363663,0.028882662,737.657227
6444386123121494656,0.7569355335994176,0.0145382942485956,14.004536905593078,0.0102269165678689,1.730046590956282,0.018165551,578.914856
6444784489929037696,0.6901739686810863,0.0147190598553562,13.607562429272098,0.0103553374994224,1.6248587711979705,0.018242078,615.352783
6445199796086476672,0.7803036927855911,0.0146248742443622,14.32481842520056,0.0102605913621776,1.6003516529750752,0.020377288,624.941528
6445293151495364736,0.8396063575139531,0.0155258457867382,15.03687052077121,0.010830990262257,1.0334216959999707,0.027585177,974.480408
6445326274283234432,0.8622048816642695,0.0157810633026065,13.853037938578955,0.011046321911016,1.863099484221616,0.018947968,537.184998
6445415231645617536,0.679452308794684,0.0147606501753194,14.426745042709458,0.0103240564942044,1.2580743787511408,0.0221241,798.607849
6445461273695051264,0.9145658229864152,0.0148117173232188,13.69038179742441,0.010415947093725,2.2496854058605886,0.018819388,445.130096
6445619328491917696,0.9106434505073212,0.0148684363337978,14.142190993826334,0.0104422069903453,2.3714283577412925,0.018161124,422.681
6445635649367770752,0.7420616538670013,0.0156234525496837,14.703576745523158,0.0108621890252209,1.236160257561069,0.025284292,809.425964
6445687326414004608,0.6819761126207233,0.0154970340661585,14.4535132998977,0.0108406899060131,1.1786376147919546,0.022567218,854.166626
6445730069928781312,0.9217554046757234,0.0164404924445378,14.772507625397449,0.0113884085371995,1.221708666061289,0.025619233,826.641846
6445929906166655744,0.9507079647848315,0.0151603629498358,14.36212007800298,0.0106352340965719,2.4177721928944274,0.021303473,413.547546
6446062088080318848,0.6541512647619865,0.014632307941542,13.892896135344328,0.0102912858560283,1.2440870203713417,0.017409937,800.518921
6446098509403250176,0.7344612198352357,0.0147809826867718,14.129481151210657,0.0103751046340647,1.2427455406698864,0.018092703,806.950134
6446213339648697984,0.7013928458909462,0.0145108256779623,13.395931076048322,0.0102310014363013,1.3294021653462562,0.014955824,751.35083
6446566866997053440,0.6147100978980684,0.0154323258428613,12.946801983635776,0.0108185086676078,1.2199993672141016,0.012102061,819.344482
6446575903608311680,0.8632132421901917,0.0165037698870297,15.260627668494095,0.0114381825755046,1.3125414683025571,0.029373558,773.117737
6446620158951381248,0.789365754516096,0.0154559926996782,15.13264191964455,0.0107014717858784,1.1907873503530917,0.028195463,847.259827
6446794225385628032,0.777423983202296,0.0152966453481196,12.793446972752085,0.0107269815718936,2.629245357979834,0.020377424,380.859406
6446832021098016000,0.9529233602980236,0.0160704271844271,14.900730894128673,0.0111530752038209,1.8503967444531215,0.025473969,541.570618
6447026978253310336,0.8722607149861135,0.0141673967813908,11.690866731535214,0.0100062832093812,5.77855072091317,0.014554601,173.040649
6447213001876652032,0.8590824585465371,0.0154038933440935,15.206956038240236,0.0107542202066254,1.2801210909507104,0.029369507,785.431702
6447566219986680064,1.0254089041390997,0.0149713950688733,14.530240959723365,0.0104910089256482,2.469969938266547,0.023595082,404.665009
6448081581702772864,1.022159717333996,0.0151961073389674,15.301730996311193,0.0104909261920038,1.6734947425009596,0.030072685,598.234558
6448137588076330880,0.57703169158878,0.0145536980666722,11.40553482969382,0.0102558499352052,2.4402015716295966,0.02146829,409.788055
6448665972132923392,0.7934953694108431,0.0141570599107555,11.108810393378098,0.0100032859461728,7.93286729492216,0.017305946,126.009903
6448804235720204800,1.8587858117813951,0.0144896029496246,15.384865204589644,0.010006901304901,6.320023933545491,0.034011133,158.200943
6448852408073577472,0.8833520943035823,0.0155517134921048,15.312069071199824,0.0106638583607872,1.3961183664566656,0.032350253,725.047852
6448996409737107712,1.0505655471070072,0.0152554426074402,13.693685844231064,0.0103601930613422,2.995367491527225,0.016000323,334.063416
6449742050420503808,1.4773410148789483,0.0144710161046231,15.00280095578569,0.0101419011274639,3.54747610186072,0.02185437,281.992737
6449998270988424192,0.6175982040045775,0.014468597951879,13.969904370362258,0.0101941566145831,1.0620964650861255,0.01532311,944.998169
6450164670904016512,0.7955372078264309,0.0145423488813926,15.153073014467443,0.0102060608802753,1.1394752014202087,0.023903208,884.182251
6450178762693414400,1.5550665071397067,0.0143767600322049,15.332904479741474,0.0100587596037591,2.765552063877329,0.025590878,361.342926
6450621659721606528,0.6795105814341887,0.0141471425693436,10.244433379543764,0.0100019478726193,6.6638978383531855,0.014552132,150.028336
6450970170547508224,0.8560283019096182,0.0145098717084394,13.274769260791016,0.0102327498183706,2.329753475571123,0.012081323,429.314056
6451432721345022848,0.9445233884515568,0.0142611156663875,12.857007315952249,0.0100684137935707,3.634722479636293,0.014012652,274.80603
6451434886008519424,1.8335237153793336,0.0145786997086949,15.533848025264632,0.0101363953828174,3.2920100494465303,0.027442109,303.565765
6451687533164879616,2.048883,0.0141662323434391,12.90401,0.0100025437584004,19.426537500262096,0.014972317,51.474247
6451917124936829696,0.8610949267503575,0.0148468120993138,14.753173862484338,0.0104215036447201,1.3616272978316823,0.025196733,734.119141
6451943959892510848,0.8011054161540914,0.014644133735534,14.120129330134567,0.0103140094780052,1.2861317164643318,0.015490875,778.317566
6452045664718016896,0.7336507441185605,0.0148478346989439,15.263608339248291,0.010334741455565,1.119128347546211,0.024682486,925.905823
6452394794019029248,0.808969826652396,0.0146717760666472,15.194075475130122,0.010257402935281,1.076138734879986,0.025350984,929.689941
6452566077315297664,0.7656799178808715,0.0148839600347674,14.56418003924457,0.0104172636030433,1.079344864024827,0.021842133,928.450684
6453077831258747136,0.9105630734156402,0.0149478583700152,14.526999416283148,0.0104785859637079,1.8471014690338456,0.02049556,540.639221
6454066429651951360,0.634145887949685,0.0148858586485292,13.289626736300974,0.0104753958172551,1.4146610134245088,0.013737439,708.157104
6454390746925507840,0.8303273827746528,0.0144159423118104,13.729299411644554,0.0101580724284138,2.6146644578899174,0.013479636,383.17804
6455181437521874944,0.6415208831636674,0.0150958743722608,13.21330177921582,0.0106161146793135,1.37064827367664,0.0138342,729.343079
6455231362221603584,0.7993239131245039,0.0145812084882144,12.639356785605894,0.0102779413130524,2.58345169696849,0.014489667,387.136993
6455313928672887936,0.773769368647988,0.0149650900369032,14.6935392200079,0.0104931407234035,1.370777099986337,0.021234857,732.207703
6455324167875057408,0.8192097512080303,0.0148489120145931,14.028574481121394,0.0104461384248859,1.5187623520817528,0.018098535,657.90509
6456573968997187072,1.0825959528061675,0.014693420572421,15.206683442528004,0.0102752214953225,1.9309875074559175,0.025652105,520.072754
6456696427104668416,2.257974813136265,0.016326802195885,16.42417135003514,0.0100727409671793,4.795223033244005,0.04683061,208.572403
6456835034289362688,0.7978992181327046,0.014758458727653,14.611155801711147,0.0103322960112692,1.110385094227269,0.021866377,903.031311
6457403310002253184,1.0813748026674397,0.014155908613447,12.372703087904624,0.0100030683185798,6.391827363493183,0.013330795,156.455109
6457409597834427136,0.7634077467652345,0.0145015378488097,14.23045812880816,0.0101906902569082,1.5079241256717244,0.022860553,664.759949
6457420902188338944,0.954280625534957,0.0168879201682596,15.37378524829802,0.0117084466881247,1.3710730139289,0.035441447,733.824585
6457680524371307136,0.8650565346136463,0.0154416846587937,14.348593464431396,0.0108184859248032,1.521372748113239,0.018925639,659.40448
6457787898553975424,0.7990042774605699,0.0149410777304856,13.816272878732178,0.010384834865682,2.072359534475977,0.015448998,483.503052
6457859950925388544,1.1045016365722709,0.0148317105444684,15.39274782144194,0.0102610947123202,1.4603494036391913,0.030769667,687.594299
6457925955982327040,0.8080725157429869,0.0170682916403487,14.393403900535631,0.0118565387308396,1.284422524410902,0.031064333,784.701172
6458525086740103808,0.9300511360179028,0.0146712985644582,15.377036218687955,0.0102913632140961,1.3140823174493257,0.028185539,762.768494
6458546561576676096,0.6655830053635201,0.0145274775112541,14.674629298382126,0.0101505077063342,1.1172782649776418,0.023150075,900.078369
6459102295984996992,0.7506629988499013,0.0144216578241555,14.581725697560705,0.0101550092400837,1.335038203960626,0.020044964,749.706177
6459391673701549440,0.9706408721732572,0.0147308062871343,15.271882080253512,0.0102336287693908,1.542812410952791,0.027481617,649.962524
6459491660539958528,1.543589344814401,0.0154885222738645,15.538867961400875,0.0106678862086415,2.3052917301884968,0.030648578,433.329498
6459594357501648000,2.4044958470039437,0.0220669843499951,17.056351659288403,0.0100440442590382,7.272041948250407,0.07144616,137.963531
6459726131394729472,0.7500192797119022,0.0185530602745452,14.20649309852952,0.0128700345297783,1.375208080931768,0.017518673,729.284485
6459805742908716544,1.042617178051766,0.0176765992979427,14.660871795357975,0.0122823504730746,2.0951374875506437,0.023689406,477.982635
6459962285876711936,0.7348257032728194,0.0176035927998021,14.48615617404904,0.012220802146114,1.3920588749502434,0.020249115,718.865356
6460282209400307200,0.7752216214408597,0.0147652019678748,14.577737886965709,0.0103338270769758,1.0711159274014264,0.02763865,933.095154
6460599040547767168,0.9286143364880486,0.0147115422157385,14.792469318375476,0.0102939565850373,1.324841893322139,0.02017981,753.18396
6460620790262187648,0.693990134884057,0.0144012164716623,13.45098366204242,0.0101547317194234,1.7643763395613816,0.013792233,567.928467
6460627868368250624,0.6658983332671922,0.0142994709426949,13.382065551931758,0.0100914670959975,1.1129661148062864,0.012002561,897.762207
6460933017204712448,0.6933397923583332,0.0147771392247682,15.2294932824957,0.0103390400208312,0.9679538409840696,0.02687955,1046.63257
6461297470949659136,0.963711287813649,0.0145959837197889,14.993451438462392,0.0102262845306305,1.762608979123636,0.02379679,570.425781
6461644298148815104,0.821684048026378,0.0167762577020623,14.440578280612137,0.011679024075748,1.5969714250643718,0.02020242,627.487549
6462005384639399168,1.083648554731148,0.0148210621950871,15.183980728045704,0.0103772275539011,1.9740657402731552,0.028079523,509.249023
6462206973224407040,0.6678530578871761,0.0144144804625227,13.231008846665814,0.0101703395029447,2.079930509752358,0.013410326,481.169769
6462214016970750080,0.8010574538481345,0.0143246722294319,14.781673716915686,0.0100888069462178,1.3671784877535724,0.02001547,734.13446
6462395814346366976,0.9169849255890162,0.0145555655700901,15.238215135084104,0.0102056041238588,1.1593026700643103,0.028613802,870.572449
6462684298710033408,0.6969827014369384,0.0154381921062484,14.204112502260884,0.0108148747108899,1.4467653540262453,0.016395604,692.854919
6462759615256587008,1.5056408028958168,0.0148822291257624,14.639246705774337,0.0104169379870851,3.345167051204012,0.023410855,299.184723
6463517556725033088,0.7665228228125832,0.0157743771519257,14.44163050411411,0.0110338291453477,1.1120646960262892,0.019707693,896.832214
6463531678577521280,0.9200572013909843,0.0163261498795488,15.317537498541132,0.0112247302407541,1.079323912536606,0.03381094,937.193665
6463545525552035840,0.8237800245378529,0.0146193468512392,14.00351307593309,0.0102425291345556,1.9511576044390615,0.017120471,511.874146
6463887336230022784,1.1730580758663138,0.0146377451154242,14.431736280529108,0.010278908236326,3.6267218011606825,0.024507068,276.016083
6463946263180846848,0.6360393968108351,0.0144591381886129,14.352803971147088,0.0101668579040239,1.0168633151323383,0.018760435,981.319946
6464012646195423872,1.7579765429787957,0.0191031593757993,16.68931430365683,0.0119770514688601,2.5704224534802207,0.070948474,395.140228
6464139571068764160,0.8607589249014057,0.0145305333022188,14.571540383165154,0.01018200364217,1.696034083855887,0.028523173,594.861267
6464175030318743296,1.9773855392159985,0.0195611677065309,16.568620754095452,0.0108844006397758,4.448159148600371,0.06705155,224.240112
6464265362070733696,0.7035691922918459,0.0147305017748167,14.76639013248975,0.0103102009001111,1.08326887556205,0.02360976,925.052307
6464385208838503168,0.7053748823927296,0.016702150424015,14.446391688154634,0.0116328593078479,1.3776399522994798,0.019812822,727.867615
6464481656624269312,1.5684862794418222,0.0174938923036364,15.46950108590702,0.0119989700822096,3.3128241465745636,0.030715195,302.116211
6464870711941314048,1.0500352400902704,0.0147941546118005,15.253500291601023,0.0102487444201316,1.9226915412622227,0.028312696,522.030457
6464911084633956480,0.9413219458071004,0.0148193671724452,15.442430184604849,0.0102812804479616,1.1880454917794503,0.038692746,845.444214
6465523581330137472,0.7853081596743591,0.0149797845656402,15.017962612549807,0.0104413106227762,1.2011184857531771,0.025616972,835.766846
6465611233022879488,0.7117091344404711,0.0152148888140953,14.751801271364483,0.0106440365186936,1.1020518632386076,0.021941643,908.18103
6466066980592983808,0.8330075926383406,0.0144137398689017,14.831465738720704,0.0101259900546551,1.124776825686663,0.02137896,885.725647
6466132607691464320,1.148454000000001,0.0720895864722362,18.538738,0.0101307057836008,20.16833702816475,0.16182943,49.6865921
6466132607693274496,0.944376000000002,0.0247717362697725,17.89214,0.0100617666537935,20.075114858853873,0.11020862,49.8647003
6466350139196018176,0.8951179341502019,0.0144945863047809,15.155305495265155,0.0100914485006043,1.5166975956450583,0.03381169,667.963318
6466738472959717376,0.9008838151143386,0.0148061248219491,14.997154770278966,0.0103252825713884,1.5290664894444408,0.02743274,656.246826
6466791043359329408,0.7547933809459711,0.0146680521403613,12.807037272557798,0.0103355119247874,2.295138547238686,0.013035335,435.764496
6467304927606491520,0.755718950617602,0.0145679895578924,14.307578716797307,0.0102420452575739,1.503695984909965,0.019279616,666.124695
6468594826544519808,1.269439716917765,0.0146508011090656,14.531401447089872,0.0102746291913235,3.1789825593343073,0.024574816,314.637115
6468888980264461824,0.7720602887042011,0.0158707309526874,13.66886678641069,0.011103968107821,1.408755865625623,0.017957067,709.738159
6469024563791913472,0.8908774415041636,0.0148907649129644,14.77191448994379,0.0103983851095128,1.661422418761671,0.02814949,605.242737
6469499243578038400,0.7155395687066289,0.0156593340148409,14.213961887916538,0.0109740062289804,1.068626968962718,0.023083385,934.982544
6469839576787975040,0.6937704613802308,0.0154447013502079,13.854877288205817,0.0108328640151722,1.2314584506277326,0.017993404,815.033081
6469891563073282688,0.8297834596387075,0.0152907737637963,14.99214608148896,0.0106826498363875,1.048961185114466,0.027499473,954.134033
6470445923089554816,0.6491120884089935,0.0147044617296516,13.835154357759556,0.0103484347729081,1.090711223572562,0.0163409,916.152161
6470974547663764608,0.7845727780598579,0.0149456779110269,14.514026445252368,0.0104505358957538,1.2055344293795838,0.02172903,829.592957
6471187956002913792,0.8265252497533967,0.0146138029355364,14.379946373015567,0.0102691362664169,1.290685504918846,0.021250227,774.829895
6471341853269917184,0.9965658742689764,0.0147815264210787,15.427212500722089,0.0103292269849462,1.168245648088947,0.032820474,858.501343
6471812650402666752,2.0052408744473933,0.0144120770534233,15.0582503606271,0.0100088409047377,5.682317975557487,0.031866778,175.932877
6472165353116571008,1.776149920864273,0.0149064728099135,15.81358352799494,0.0100241489361162,4.963931837391468,0.035763524,201.563553
6472302998228418560,1.0384301825992883,0.0148752901403328,15.47622262244755,0.0103008923086802,1.5845908902145387,0.04215651,638.08252
6472358965945976704,0.73593672527884,0.0144224687475022,13.726066005435849,0.0101444684783897,1.8349701148607256,0.016739167,546.178711
6472417003840326656,0.5871387502468857,0.0147174566471917,12.604475360641146,0.01036295405339,1.9743562759450184,0.015647903,506.356689
6472839903500243200,0.72474471841202,0.0150668974508253,12.753312740501414,0.0105868069954275,2.0456835822340627,0.016267335,489.753601
6472862821445927168,0.9475972927017116,0.0149015433044117,15.20017784247373,0.0102556156738843,1.090486574079397,0.03286274,916.6651
6472991047693115648,0.873516153653141,0.0149465176240034,15.258747463032272,0.0103041488931753,1.1621401217962544,0.035922173,862.857849
6473126807315611008,2.392173999999999,0.0142668305057974,13.838599,0.0100077385395833,19.74727279994008,0.017695313,50.6349602
6473318191058547200,0.8908050345786572,0.0151352495143683,14.794130158069157,0.0104473450854631,1.5151608013012936,0.0330515,661.780396
6473969445539462016,0.9028075757866368,0.0146824828974587,15.31985149950522,0.0101801952461563,1.3169090824558696,0.037288334,770.379883
6473986178732069888,0.6743783028609505,0.0143078991899499,13.404372077378424,0.0100878073892031,1.4950685952046423,0.014634907,669.15918
6474110320466624384,0.6725968119668578,0.0145374812088539,14.429210868382205,0.0102059028782274,1.1195002995491763,0.022528948,893.964233
6474194639264814080,0.7156335695834096,0.0146015744025296,14.51336802760608,0.0102280934795104,1.406430381365912,0.023075618,716.341614
6474857850934374144,1.0173765140730449,0.0143519139597441,14.51826060436715,0.010098125829485,2.1927395573971364,0.023332428,455.456787
6475024873622856704,0.8314571046899212,0.0146709191069271,14.893231748426992,0.0102837103818346,1.4344174660551932,0.025610855,701.040894
6475479556040388352,1.8168185189014032,0.0142513797219415,14.870397289136095,0.010013335053033,5.450285156653644,0.024710832,183.567108
6475609710729586944,0.8868527405974408,0.0147384442253404,15.1051795577031,0.0102139109344645,1.3245922425423589,0.028756741,757.414246
6475658570277414528,1.4870770016483663,0.0145202707832715,15.341168424456566,0.010106595986468,3.3287223681163502,0.04170989,301.000977
6475691315108198912,0.9262606060399334,0.014701617037979,15.059374041562972,0.0102316511002451,1.2300706232560454,0.031160984,814.70343
6475735089414970240,1.1988290290526722,0.014652356292425,14.981901487705953,0.0101954627644849,2.25668803385528,0.029386442,445.095642
6476473239674112384,2.3402321777725383,0.0164779433412892,16.399288409836643,0.0104713855865845,4.383784323096919,0.05239585,228.090149
6476955375522776064,0.8221530631873837,0.0146869454171902,13.905261968171535,0.0103333769813378,2.2798246611168778,0.016359335,438.62674
6477150263959530112,0.8056133245335776,0.014455276401486,14.91590257883049,0.010152009891947,1.1093275820834747,0.022884171,901.126648
6477320447743760768,0.6939243225346509,0.0143637457715424,14.61233276266305,0.0101030850910413,1.1072574610293988,0.022815619,904.722046
6477621748289855360,0.7223961540328548,0.0147881848564337,15.131204084823056,0.0103357973394777,1.1064159637307744,0.027198201,912.018982
6477687615908551552,1.0096643903828415,0.014446588142633,15.334014457656323,0.0101171595554821,1.3040811011543312,0.030902468,764.545227
6477753071210002432,0.8139443146969839,0.0144429099674409,12.022808271902951,0.0101902244036089,4.287853422957556,0.01460198,233.127228
6477774236809010048,0.9691532427955708,0.0147093551287597,15.380195981999286,0.0102416800923837,1.3349576862833088,0.032102287,752.174561
6478564442070609024,0.7633862329023422,0.0143784971773013,14.658093536949028,0.010109156448309,1.078986148429265,0.024762515,927.791809
6478783347963460224,0.7282823522530543,0.0143101519506366,14.456682273432593,0.0100771465491126,1.2382510988099735,0.02542702,810.116577
6478800287314493952,0.8167888994000717,0.0145909066891571,15.374022536626288,0.0101657774848263,0.9937332968896064,0.037431747,1005.47443
6478875672580675072,0.8038071924758253,0.0145723846554825,14.793394527514351,0.010229433472583,1.076381542532877,0.024039507,935.797668
6478974044511742592,0.7381264842523573,0.0144046356390087,14.729009469915518,0.0101215294157601,1.171058840723776,0.023525046,857.729736
6479293074682510208,0.7074455742968015,0.0151826173906424,14.816033963971371,0.0106222773677548,1.0760718337029729,0.022789154,931.563293
6479487619521352320,0.7806231146002085,0.0151413508463877,15.03866678067691,0.0105753631088428,1.380900030792935,0.028748067,735.020203
6479534108247466880,0.9647681405240548,0.0145603561571828,14.171977299935785,0.0102324469503022,2.010040532244498,0.019479722,496.676514
6479794486344698240,0.7954345352948079,0.0147929663071763,15.280903368880397,0.0103375909658476,1.1012694686634752,0.03201049,918.496643
6479963123940699904,1.2061612066201468,0.0145270457973821,14.440439031533405,0.0101602089428892,3.008765459588767,0.025399936,332.311676
6480032187014809600,0.8905865419282034,0.0141461418810689,10.061762083732088,0.0100018665600124,12.300614069119396,0.018292308,81.2666702
6480279164813630720,1.0403856116484247,0.0149003690384833,14.892926870679435,0.0104395136808301,2.118931172131323,0.024504198,473.772247
6480509168902960640,0.7799386942815109,0.0145304136082697,13.850275144765408,0.0102227534643049,1.949824823425524,0.017416157,513.964172
6480674576683042688,0.9682406861023232,0.0149963751423202,15.371814787735431,0.0104094983021766,1.396055659515377,0.034249976,717.554749
6480716701723408640,1.1700027196133171,0.0144793659855021,15.250676339648685,0.0101270521758765,2.258035307494031,0.03149828,445.11731
6480736321134069632,2.259979163018737,0.0160638081941515,16.651095955500686,0.010022541002996,5.662573479245354,0.06909813,177.453262
6480958800440281984,0.7442851335118952,0.0145743223760478,13.939836257483982,0.0102631086263511,1.668077813952075,0.018454848,600.374939
6481053049201141248,0.804579958503482,0.0141738006661298,11.62938112048244,0.0100090648935375,5.029148655147085,0.014116846,198.792526
6481193477453022336,0.9432739120206765,0.0147985618435068,15.039180204804634,0.0100621285560778,1.3195919892640469,0.02763384,760.806702
6481261441015224192,1.6673756436115323,0.0150476277869859,15.555451164187648,0.0103917334297973,3.519738911780993,0.054516535,284.755676
6481589370359138304,1.0179588260688452,0.0147511842590507,15.280426490964455,0.0102931101940539,1.8531077044539863,0.03800847,543.454407
6481640154052467968,1.8064316232019453,0.0149042119078162,16.33619567725505,0.0100145865992471,6.4112737065542795,0.058406338,156.710358
6481743817382389632,0.8797288419908773,0.0146235295702633,15.21098285794383,0.0102232002920571,1.2979301315860925,0.03249599,777.056946
6482102979726118912,1.00610012088041,0.0149472307267094,15.337949565071778,0.0103605141976122,1.2290805675905765,0.03056227,816.364319
6482471453561731072,0.7621286232852229,0.0147100934710673,14.867055021239809,0.0102596729788908,1.146707192019789,0.027180118,879.778076
6482485609774002176,0.8485195265751759,0.0144243551134745,14.85005527231916,0.0101339421294259,1.1322856930081997,0.02700965,881.846802
6482588860788472320,0.6734479032660992,0.0143245542775333,12.847825599702064,0.0101119419260452,1.6817441331248877,0.017874468,593.940796
6482660432121632128,0.6511080010993198,0.0144646750699852,12.52874956868611,0.0101956592180336,2.195223287083371,0.013710754,455.382385
6482696338048294528,1.834091782295256,0.0145472088792895,15.574886501769871,0.0100066935446535,6.718974451865392,0.043332327,148.95253
6483169677804874368,1.069672931784989,0.0149222675323305,15.434308642078344,0.0104100672320291,1.7386663335869157,0.039199647,576.458069
6483526744205762560,1.820194508080271,0.017404623946804,16.594788786623088,0.0102741532093243,3.8492684935074695,0.06475477,259.916565
6483586049114164352,0.8207051465568082,0.0147726589742271,14.854312991848238,0.0103633022793835,1.4008341707596756,0.027074464,717.693848
6483631094731281408,0.7413627489967263,0.0145053839845528,14.96697856648527,0.010134544126463,1.13975221939541,0.028879166,879.883789
6484013071942731136,0.7183159922263846,0.0145972948549873,15.170826411299316,0.010199457276921,1.070688350996442,0.030850785,947.796692
6484344746497909888,1.7668685053462925,0.0146674486543129,15.42210664822815,0.0100882774376258,4.134470243435519,0.03881254,241.485001
6484480536181084928,0.8388248170005589,0.014429232643472,13.49019373756281,0.0101666411649998,2.8367454252866975,0.018040799,352.380402
6484515686195824640,0.6438177646360368,0.0147146510309942,14.127323332440277,0.010344321080826,1.1127605293444869,0.019393459,900.043518
6484614607882899840,0.7270379984635466,0.0146007568644072,13.627439246459415,0.0102780598130992,1.831374212414047,0.018258603,545.242493
6484761495764039808,0.8374448722059489,0.0146022893270144,15.198016557313544,0.0101378222090774,1.1229284934043289,0.036755245,898.714722
6484805338790245120,0.855014458762352,0.0145084272061948,14.667399674245752,0.0101429771647218,1.344047210546501,0.029868,743.591736
6485004075516738816,0.860867684673498,0.0149258345063958,15.3623627741099,0.0102902612691503,1.0784546929730172,0.032722577,942.897705
6485051423235952896,0.9252401834272672,0.014557322287269,15.191797599816258,0.0101436383629294,1.2551755572389165,0.040280238,806.828491
6485260261724875136,1.0493010156072289,0.0141977058930751,13.337839608508729,0.0100189266040966,4.671607315456596,0.01116551,214.060455
6485665878436692096,0.8208814281035279,0.0144305251804506,14.569005839645722,0.0101076638297892,1.5627208423537455,0.018329317,640.994507
6485949964753181952,1.3998894123960584,0.0147179924595279,15.632381579613774,0.0100591421209316,2.2687346363737473,0.028207859,441.940063
6486091217637641344,1.1465215362146748,0.014433092532508,14.90566148928179,0.0101273555627809,1.7943807653136328,0.027642986,558.017212
6486870255986086400,0.7552772799338712,0.0145247461283138,15.22321322728287,0.0101134776371802,1.0821872121001397,0.026164463,932.987305
6487241478599011072,0.708513482528004,0.0143496392855411,14.580573064684248,0.0100791199638571,1.078912883834772,0.025124738,926.222717
6487709801833043328,1.0226699999999995,0.0141495356189889,9.202244,0.010000563998774,22.668176153167032,0.011725332,44.1170998
6487755534644631296,0.725174749042769,0.0143626718070685,14.536275079890425,0.010097973837665,1.134218122137483,0.018312832,882.007202
6488262959261095552,0.6831906457983419,0.0143749600576104,14.37859716352274,0.0101174318969858,1.209577562593091,0.01615033,827.48999
6488335630107664256,0.8976434554068048,0.0144866007392719,15.408352107302589,0.010100249439842,1.4170551641787985,0.026643822,708.479614
6488517015166718464,1.92424204907935,0.0148310596015523,15.74425808649784,0.0100432435642825,3.603788844778381,0.03137826,277.440796
6488821339369381760,0.8182237385027429,0.0144585094773208,15.21440231883454,0.0101375063323994,1.2629107650448168,0.028418971,790.660034
6489118173149178112,0.7577650079279065,0.0144534972748927,14.729604260908276,0.0101562166610078,1.0317531902373376,0.018004239,971.425293
6489130817532611840,1.3344524007302878,0.0144958299579123,15.630449961685704,0.0100721906965889,2.428614034440001,0.027104897,412.582458
6489449950782658560,0.8147223407646687,0.0141600330415633,10.928861115891827,0.0100080262674028,6.371339977784832,0.013222187,156.968262
6489797636975365120,0.6705809023304536,0.0143648828655807,13.818235893314109,0.0101269784417546,1.5201181511159976,0.013826478,658.026184
6490327498500717440,0.7999067193191958,0.0144569066509309,14.49220804005532,0.0101618080241969,1.1040396979200433,0.018611819,905.572449
6490596878849552512,0.8702724503110927,0.0145759296257153,15.392561109674215,0.0101963099919426,1.2230448774365277,0.026257547,819.677002
6490846777226613376,0.7464130615222478,0.0144465079743166,14.31739312237543,0.0101702306394619,1.3562888341433368,0.02049855,741.755188
6490877834133767424,0.8281349600684413,0.0142599371942813,13.529033846232446,0.010062829655373,2.2438065195673276,0.013664021,446.498352
6491003491994528000,0.6942730199490258,0.0144108681359817,14.18453170639172,0.0101334928604632,1.406571183170152,0.015348348,710.092041
6491131241500528384,0.7053864560122596,0.014304829212869,14.072135397805503,0.0100801180948504,1.367096156910096,0.014906177,731.608459
6491193948023152896,1.0192756099047549,0.0144388278447406,15.070989801973004,0.0101300231703531,1.6847162900529624,0.020220263,592.945007
6491230266266650624,2.0194243259293403,0.0161781190225221,16.451110697719734,0.0100687095745316,4.413538212093997,0.047445443,227.127258
6491376673111668480,1.0310304044911551,0.014387178271093,15.068405978555742,0.0100829554886671,1.9580153181337845,0.02303399,511.91684
6491388424142211584,0.7193894449440116,0.0144253766044765,14.368324992883355,0.0101415987703222,1.3310223515019373,0.016611604,751.124939
6491594204615476096,0.7070868774032362,0.0145113835731725,13.483469971600854,0.0102292306561995,1.1575490403222213,0.01328232,864.871155
6491934675263064704,0.6589697876082111,0.0143056813197445,14.364415469546923,0.010082320044982,1.1158344039173247,0.016843397,894.073242
6491950893059156992,0.5606044963534036,0.0143799294006645,13.736046329595244,0.0101367076435607,1.1809253779244997,0.016734764,848.187744
6491958211683454976,0.9381497159739084,0.0144729249902648,15.034017896860568,0.0101227541742081,1.2002384064718985,0.023175333,832.341675
6492244497023408384,0.7970178952767699,0.0141817253705787,11.187862735770874,0.0100233940819216,5.010062540921957,0.013899545,199.685883
6492289577000158848,0.7779502107154858,0.0142774832051473,13.790656850495202,0.01006345647395,1.6310102947243292,0.013987889,613.14447
6492746355362317312,2.070338275352817,0.0162507490022115,16.295318538143757,0.0100241079658343,5.333516391692163,0.040311128,187.298767
6493174855659421696,0.7104447909507446,0.0143690122458602,14.541677014673455,0.0101147636936279,1.386587383617329,0.019259023,722.400024
6494970598665648128,0.8701164208838806,0.0144341820447647,15.406982293165573,0.0100762819101577,1.192761733676212,0.02504725,836.620911
6495009459529750784,0.8173553229595684,0.0143687255444311,14.368415282845277,0.0101005040243714,1.8534114059417428,0.017680442,539.072144
6496003692919789568,0.97030244615649,0.0144618425554799,15.322087106579833,0.0100700486115912,1.384047539213748,0.02283093,724.188538
6496195351539997440,0.6646642072659974,0.0142122490323595,13.223042520660709,0.0100344264263561,1.7858179242435737,0.012021046,559.919495
6496269774733335552,1.138927682836994,0.0143160153412386,15.177313403773336,0.0100382377933307,1.7756616999606818,0.02155872,563.159058
6497007856273089536,0.8126868227451718,0.0144001450952887,14.793394247326733,0.0101148612800816,1.6233804868345851,0.019535074,621.844421
6497258544924338816,1.1051031736924857,0.0144566827929261,15.296612542477895,0.0101014776813768,2.0854224624159934,0.02344451,480.677185
6497866059458534784,0.804564705088375,0.0141564872441642,11.018159589139778,0.0100054064659996,6.429795800013534,0.016641961,155.466019
6498005010240478080,0.8550197875612056,0.0142487891563338,14.02400816558303,0.0100546911470804,2.369667238376012,0.015736105,422.040802
6498069434749998848,0.7315000236405059,0.0143570953512522,14.878369243710315,0.0100977679950162,1.0167269243583308,0.020710712,983.661133
6498106715066146048,1.7744664305588265,0.0157507107862056,16.591763565885987,0.0100412591982079,3.403240228752187,0.045666177,293.200836
6498281846652478720,0.7294239613826996,0.0143038184454263,13.81675477126138,0.0100878580830927,2.018885009133577,0.016027287,496.133148
6498407981252184192,1.0040660830626953,0.0143304105567003,15.057755346335268,0.0100591987954923,1.8456731874068015,0.023606362,542.385071
6498525628996228352,0.8924144606823989,0.0143666849778075,15.32338669607364,0.0100655203994071,1.0292705791886492,0.02988719,973.605591
6498734394471050496,0.6567091731224037,0.014191461045207,11.599422415480811,0.0100210119323081,4.0260271421387905,0.013120058,248.573837
6499092873916787072,0.7874370216735095,0.0143663527102759,14.69283795665956,0.0101153012989857,1.5179605188851932,0.019105978,658.531982
6499371874992334464,0.7629195435703574,0.0143247997136319,15.090085960961286,0.0100549437539268,1.0716111485630382,0.021604797,944.665405
6499631153578527616,0.8601260801724415,0.0143524628152546,14.798967773017088,0.0100986358838807,1.2668457063651075,0.01902836,791.030457
6500020311975308800,1.000364019991137,0.0142333927983066,14.354591420757885,0.0100386227958038,2.190588978261353,0.017567731,456.568512
6500122703995706240,0.97380630693526,0.0144148291092683,14.852785414459856,0.0101307767442548,1.600679634274929,0.021312594,625.992432
6500324498739489024,0.949551365074824,0.0144036151517141,14.928029132067884,0.0101061162843842,1.3622919806464,0.02094317,735.003662
6500368582283918848,0.7431381254697128,0.0142037947089164,13.19808423485618,0.0100288667818324,2.2458316835367773,0.01179574,446.653198
6500446510170030208,1.1685209546587227,0.0143310569153305,15.04083077294366,0.0100430622629989,2.0080250680153418,0.023210557,497.671295
6500923595138213504,1.933717032461849,0.0147308027047639,16.06378753174915,0.0100154195483644,4.181018418817647,0.035714936,239.355713
6500936995436198400,0.8704580148786627,0.0143778665490368,15.262640500579334,0.0100829857361087,1.3686119405522443,0.024617387,734.111511
6501111989582697728,0.9226375267061082,0.0144387687008081,15.158467214457914,0.0100811638528281,1.185581445721465,0.023904944,846.194458
6501181018297200128,0.6113781125713169,0.0142959850978398,12.952540987454649,0.0100933978604195,1.7812258402519745,0.013944506,561.034424
6501594709547187968,1.1704874577138211,0.0143749022773745,15.504011116552558,0.0100805387333353,1.672462306636093,0.027769374,598.938354
6501607319571173376,0.7533838273571648,0.0143795439501864,14.745887645968043,0.0101297316942531,1.2791774668059417,0.019997774,786.940247
6501710776743114368,0.8580077698908642,0.0143351725257874,14.504397199622014,0.0100743163861961,1.937076458431596,0.019334903,517.226318
6502149825480704128,0.962982855267765,0.0143729257023039,15.258038500741568,0.0100962844490116,1.626180618926424,0.026053417,616.936707
6502226482056331904,1.9579429286092815,0.014249745763053,15.02761641082984,0.0100060247645923,7.0262237020013485,0.02250207,142.261734
6502662502839549824,0.638035519770408,0.0143241085851503,12.36006658377446,0.0101094486221197,1.7489784727987276,0.014263358,571.318176
6502700990042883712,0.7924192841128743,0.0145775251939182,15.25462214446745,0.0101858840136945,0.8410948562056602,0.033759087,1191.26746
6502721296648271616,1.7607601798264982,0.014471072348943,15.211164956133429,0.0100147932581004,4.5553610779034415,0.028527362,219.624924
6503024040303141504,0.8684913227704856,0.0143912892515645,14.987173255849672,0.0100874215799759,1.4799989103731837,0.02494781,677.668945
6503560189660447744,0.6818460969522478,0.0144168004081525,14.149489010884562,0.0101619601513535,1.270063289879614,0.016742893,787.839294
6503630970721585536,0.8243936162401482,0.0143703021966388,14.700553368555632,0.0101102155673814,1.548848870998112,0.018866971,648.946777
6504122933456456704,0.6338474778740213,0.0142429190966744,13.310124956519616,0.0100601098772922,1.5230924638514376,0.012489317,656.117371
6504692514838790016,0.7349010228691606,0.0143761911289433,14.960237566691934,0.0100609976032389,1.191754933593053,0.023661435,846.946777
6504761646631882880,0.8280937615019685,0.0144943533612338,14.633514370036448,0.0101495629286542,1.3102333183332031,0.020164933,763.058472
6504927913406443648,0.8958352491092133,0.0144079617541742,14.765349333043993,0.01012941919733,1.536362023993317,0.020450274,651.346802
6505515533651823360,0.7806965995151627,0.0143476151183166,15.031831744594344,0.0100825682466607,1.3293141917789957,0.021268032,756.127075
6506059345231572480,0.9116590164707516,0.014387254547093,15.028742167059136,0.0100997787417569,1.5252753920564557,0.025173472,657.902039
6506832611142569600,0.7873767367334378,0.0143109830453909,14.283549756132402,0.0100595329937966,1.692804573675497,0.017625527,591.733826
6507096906250238848,0.935074242942902,0.0141809312094412,12.029052023442976,0.0100070408674084,6.5326822417986765,0.012103438,153.051407
6507124668918839040,0.6095548096451703,0.0142922633736924,12.404874810678065,0.0100831969463,1.9308106661657152,0.013446286,517.391479
6507223899843064320,0.8632016039100856,0.0146102307811687,15.340271018123628,0.0102075039200723,1.1163362681095683,0.026453739,898.055542
6507438682567821568,0.7675324834811768,0.0142415716590685,12.507450913962831,0.0100560348366617,2.1926584402658658,0.013206981,455.982635
6508462637130899840,0.8603988128198581,0.0144663944845088,13.807571320374985,0.0101818495293378,2.581888563243602,0.014244983,387.540375
6508902918521895040,0.6525337060791148,0.0143702005940499,13.984987356165668,0.0101247930576463,1.405414232352249,0.01524973,711.701416
6509313452972205952,0.6448323512354697,0.0143815835972995,14.293362517251298,0.01011495022235,1.1085976505544533,0.016229948,904.466431
6509554246018799744,1.3695014702944204,0.0144622141598862,14.60353991540508,0.0101244782400313,3.7894692698554873,0.02078506,264.266571
6510141110349948672,0.6366106425264018,0.0143145864807313,13.457155125794989,0.0100981552156753,1.2669802147593228,0.01673229,791.388184
6510151246472796928,0.6675058695871566,0.0142862577024764,13.010580517201612,0.0100810639619055,1.0882300565547771,0.013203725,919.573669
6510381594158923392,0.7165112809250407,0.0142889374340352,13.962029381718782,0.0100612695095495,1.36128278518417,0.016516294,733.319397
6510680249005507840,0.6386931556961619,0.0143288843950051,14.096102520204049,0.0100963162186532,1.2420588933073646,0.01731312,806.127991
6510753778845678080,0.6502432016108957,0.0142580037141712,11.276005130922512,0.010073166505812,2.735052597839757,0.022949055,365.76059
6511123180392021632,0.8661704072564277,0.0144814048752209,15.176093422095212,0.0101344015330885,1.2442792251861707,0.024700738,806.088013
6511277799214907904,0.9233466567573434,0.0146806972443709,15.004000022231342,0.0102825976082298,1.5949161099422289,0.025494348,628.291443
6511277833574648448,0.6270916038705697,0.0145496067004353,13.410433235965808,0.0102472997060818,1.2817771047728543,0.014508483,778.619202
6511310956362489728,1.1199032343523712,0.0146254923997056,15.193648193472203,0.0102106771367826,1.5095445629805884,0.0337423,660.012939
6512448847818901632,0.8894744168248824,0.0142650492550193,14.619737101391843,0.0100481817026671,1.353044852917521,0.019874942,737.308167
6512762552229575552,1.861766824290004,0.0161089335425304,16.523878027517704,0.0100666297408274,2.6506432968007574,0.050786253,378.18396
6512828862228409728,1.172916329459149,0.0142855496377821,15.214754071291209,0.0100226786292651,2.3828045055624663,0.028866874,420.714874
6512864188336556928,0.8888038850013344,0.0144964888526574,15.40153262776284,0.0101410662454131,1.150488265159724,0.030272568,868.74054
6512932392416111616,0.8102804228061041,0.0143458793011779,14.724427553496406,0.0101091127593917,1.2031594104771346,0.021071868,831.143616
6513071102679847680,1.139495319338656,0.0145797125303198,15.542769070116709,0.0101454860074343,1.450641611293823,0.030648524,691.102356
6513238984360900480,0.714877298508046,0.0144713131920999,14.955481560588009,0.0100791030477566,1.0042497285027965,0.026718633,1001.84314
6513295055158066432,0.6361870268550016,0.0143520444231283,13.302154307962706,0.0101124890779894,1.4617932209188478,0.015143504,684.294739
6513455278914823552,1.5332737570084962,0.0144091648872993,15.118400158062231,0.01008023751107,2.8231876253179267,0.035080496,353.989868
6513981120350065792,1.2626979159076337,0.0142863742384424,14.32025532361047,0.0100531075817495,3.413922791326541,0.02078474,292.867371
6514244178507187712,0.955108379102019,0.0142047424090421,12.59182257411984,0.0100306541210707,4.0398073639917,0.014402197,247.569946
6514297436101693184,0.7252462882565338,0.0144076055041923,13.575147122117205,0.0101145154589155,2.022290988455686,0.01674746,494.738922
6514568122120235008,0.7456540312495192,0.014447922802331,15.094382289723656,0.0100982071356807,1.1664655175468883,0.026943142,860.120789
6514840663565051136,0.7531130246152616,0.0145426208693137,14.941100231044652,0.0101809440395866,1.2489591874414094,0.030234711,805.566956
6515068777868013952,1.24359999455768,0.0142296435343084,13.685847449651352,0.0100115731650764,5.021010565154186,0.017906789,199.256836
6515106058184164224,1.3126551314367896,0.0147065678358277,15.197030791049944,0.0100547340489124,2.7003494772820766,0.029741578,370.686096
6515117053300445568,0.8846409776053326,0.0144406692391651,14.745065797410676,0.0101117807912059,1.4588017196747582,0.027022444,685.954102
6516149013683237120,0.7572957367364067,0.0145654269695809,13.951623235556962,0.0102513241371047,1.1211404873874795,0.019001007,889.300476
6516262400820002176,0.8244318489544303,0.0144798935893626,15.20741622838994,0.0101321616584085,1.2375110647810323,0.027725695,808.798401
6516778174852969984,0.9282700610476324,0.0143834933090684,15.274650080306492,0.0100687871083832,1.528200662438694,0.027077392,652.825989
6516912212191513216,1.8226278206513888,0.0170536272973398,16.506728119840062,0.0100676601736929,3.4176291743786944,0.06316488,291.81076
6517884588491850112,0.635449696563671,0.0143529042489832,13.34287150747878,0.0101180283259074,1.3529052481284904,0.014771107,740.044312
6518095286702796672,0.6915744453002483,0.014378656542072,14.277707780488852,0.0101164466099262,1.262587505277468,0.020294776,793.00708
6518387791155536512,2.039676566815555,0.0143521561754714,15.04098104653141,0.0100098746618294,6.275854226531552,0.031833373,159.49147
6518493481710769280,0.6282269124132019,0.0145374809149338,14.28884933509447,0.0102103441307768,1.258489299715961,0.01901664,798.605469
6518609823785433472,0.7006727289203141,0.0143699034658672,14.142938053554788,0.010122975398203,1.4497100123898188,0.018449424,689.793823
6518696479045488896,1.0620039427047492,0.0145258229597379,15.124476454707136,0.0101619276107577,1.624310180771752,0.026231935,617.824097
6518768875014257536,0.6952640364240456,0.0144861107551603,13.65893787345901,0.0102080326222092,1.7104301519765477,0.014606097,586.302673
6519037155851298432,0.6504865405492192,0.0143096608589567,13.195720996351898,0.0100918850305273,1.4939855292419446,0.012679285,667.8125
6520250501292867584,1.9687980871312036,0.0171414523586723,16.839530457013367,0.0102162100332862,2.8100077213956656,0.058752645,357.534302
6520726314950532096,0.9597249775261182,0.014561604269087,14.978649547864665,0.0101917549237195,1.358660746698582,0.026658844,736.644775
6521304761144918144,1.227611478771495,0.0144518592679659,15.476408323851595,0.010064809581476,2.1866685068228815,0.026772536,458.675873
6521505868694406656,0.7926460517546465,0.0143231766363045,14.397972265942895,0.0100893618100087,1.602097246956357,0.01605694,624.300598
6521585377129117184,2.237318,0.0142008965560543,13.86182,0.0100038977015055,20.329259054035298,0.01500023,49.1812286
6521968247693963136,0.6413268987622849,0.0142330755368748,13.247421963979278,0.0100520664309168,1.3347492542670645,0.011040342,749.968811
6521986733233200640,0.7515447525821517,0.0144000317124869,14.251374994642417,0.0101516932213107,1.5478216035682335,0.016779097,649.119446
6522030576259402496,0.9851191147144044,0.0143454201788276,14.884427466125096,0.0100954444389217,1.493701967517287,0.020255866,670.326904
6522316930318542464,0.8233166147743852,0.0145623587913026,15.253810159944283,0.0101731359369455,1.0670919939257049,0.027029024,941.809448
6522417707431402880,1.0894108299987295,0.0214226067384432,15.483072314452778,0.0108057580691182,1.1339172008586031,0.026898602,878.917908
6522866995370366848,1.9954221292164669,0.0147183172766756,15.400661714168992,0.01001014298876,8.400017079401536,0.041869417,119.059784
6523058207314383616,0.726765111855782,0.0142695984594648,13.400921930397608,0.0100680238729059,2.207410865017811,0.012514183,453.969757
6523082259131261056,1.393337876947788,0.0144934272611669,15.358194375089122,0.0100731667738514,2.2407244943601827,0.026133725,445.644928
6523253886023856512,0.696879186234296,0.0144371802234286,14.93321306038465,0.0101517510746704,1.1226201181533575,0.022398075,897.304443
6523491792853964544,0.7606282634962215,0.0144320445476856,15.332129837526676,0.0101124008540004,1.1562720712963577,0.02751356,892.451599
6523772271396450816,0.7989121831196635,0.0145195532048544,14.55252210770318,0.01021302816447,1.2348261708511266,0.018042622,813.366699
6523955786760761216,0.8588527331337134,0.0143497672079349,14.188396064025424,0.0101132214524058,2.12778751767189,0.017319512,470.797699
6524159093332140672,0.9720786103809712,0.0142980751219235,14.407922434844032,0.0100843664343571,2.5365816245738206,0.018616466,394.993896
6524186890360951680,1.810130585504955,0.014784732415111,16.025949554390824,0.0100207595992329,5.697565255516393,0.03900043,175.685928
6524789010416749184,1.4838147412999358,0.0145586755749534,15.655822537253387,0.0100925977046049,2.7838584868026737,0.031576287,359.860229
6524961427584040576,0.6642676207228922,0.014269448451208,11.907877067192162,0.0100788302498783,2.6790309455057755,0.014528447,373.684479
6525334849217409152,1.4182712285454722,0.014491307153166,15.565672671482751,0.0100690579164933,2.6429757538715033,0.036136374,380.707794
6525475140029327104,0.7399524784543607,0.0146032034860167,15.004815715497555,0.0102533907835203,1.1393849824154214,0.02853397,882.403809
6525699749639338752,1.042745660525916,0.0144797177456615,15.26632988173111,0.0100769216505292,1.3448026495935193,0.033051632,744.599854
6527149558801068800,0.8965113187727274,0.0141955710671966,13.017607403175989,0.0100265178428678,2.9509245509301043,0.013908278,338.697357
6527329775631248640,0.6511780421538255,0.0142324112843955,13.798128585373773,0.0100421586596634,1.1115349740038565,0.016370084,899.075867
6527947013967217152,1.8445423503427785,0.0157852176077305,16.67373909302773,0.010089958994597,2.2413633687596453,0.057234567,449.128754
6528327891667143296,0.8062827481044359,0.0143052787070441,14.837655697952544,0.0100670658970214,1.2399977869208965,0.021046635,811.02948
6528514946083173760,0.6611236875668748,0.0142519065141921,13.504491204576912,0.010057330540535,1.3131978129186737,0.014250743,762.538879
6528572464284943104,0.9487979058838432,0.0155060256111986,15.171823869836205,0.0101973965998342,1.29711707216239,0.031707466,775.090576
6529229731719904512,0.8192579470650218,0.0144924474398081,15.28404748482882,0.0101597408839298,1.1194640394956852,0.032569725,898.080383
6529406031537715328,0.7060465943034424,0.0144853143428698,14.699322458608757,0.0101877343641947,0.9498565534492835,0.021010129,1053.14001
6530031138256667136,0.7314618862873775,0.0142713510937165,13.523668509154335,0.0100435257631645,1.803668936052302,0.01725463,554.031494
6530386280513267584,0.7174688263923952,0.0144212476356058,14.484771029112832,0.0101583257572629,1.345695828897845,0.021434728,744.058472
6530388548255986432,0.6099429712944986,0.0144543607403713,13.803560695766002,0.0101805000388641,1.1480740576760753,0.016945008,871.120056
6530745030541669760,0.8101461920047869,0.014382668482113,14.726298068987354,0.0101096877989413,1.5555661323210686,0.023530917,646.468323
6531205828992235008,0.833369258955761,0.014571773779391,14.378908070983284,0.0101806346389078,1.2100914726171363,0.021420153,826.80896
6531237371232117760,0.682857906842792,0.0144756273521745,14.528316111377634,0.0101583222910998,1.148324754944149,0.02263505,877.427979
6531521182672058368,0.7512400110125861,0.0143652074501151,14.04788192055431,0.0100968756030507,1.6803968706452663,0.017942289,595.180115
6531554271100089984,1.2922230430089636,0.0144870332172218,15.353738505893636,0.0100515948728252,2.5393083973674897,0.032885388,393.28775
6531572447401717888,1.027982019299328,0.0145508183927484,15.214632787474986,0.010077135851439,1.3563698021920656,0.029755427,740.724365
6531629725085361280,0.752204700480619,0.0145222759389808,14.714650950797116,0.0101925272383567,1.2413015816165875,0.026041225,806.188904
6532473531539358208,0.8710515837075071,0.0145510386014125,15.231923214395216,0.0101677332345104,1.452880192430735,0.030815799,690.987549
6532514797585192192,1.8855506192191125,0.0160590253834757,16.537201352454915,0.0100530252600121,5.335822289752663,0.05867663,187.505341
6532644230719520768,0.6471414799781104,0.0145338741052571,13.752466231725736,0.0102197449449187,1.0701478495473864,0.01760991,935.919128
6533392620180384640,1.2239863661068078,0.0144866047842192,15.08532017399097,0.0100521540455209,2.72162994512289,0.0296274,368.753235
6534062738158344192,0.7833742670422195,0.014726135454365,15.22571552953102,0.0102487275868653,1.307143402567843,0.035280697,779.507263
6534181141816694528,1.171696526039468,0.0148963022227842,15.40232998073884,0.0101125694023002,1.9643055837042476,0.031018721,506.547577
6534449044696850560,0.78516258255317,0.0144216540204888,14.51088452332797,0.0101242269828982,1.4723289856214097,0.022074305,683.091431
6534565318051551744,0.7207422152433877,0.0143326377568097,14.028190049218,0.0100927226397971,1.1131572790523532,0.017825875,900.523987
6534716329101890816,1.8496695094743305,0.0165394758645681,16.472384670642242,0.0100560591931016,3.668503117487633,0.052376434,272.705627
6535034500278918528,0.8897485074687407,0.0142655669338979,13.45036257237975,0.0100610193200081,2.5262453138511978,0.015400855,396.103149
6535318998913011072,1.0508017256375315,0.0145455957007031,15.47280194558841,0.010057863945353,1.6591095294115552,0.036026277,609.004089
6535344871796007040,1.0422380481783622,0.0144195999669028,14.958406324486024,0.0100515923371694,2.1063953603679155,0.029724844,476.061066
6535395277531269248,0.6499809395244749,0.0142618806280148,12.199874179866372,0.0100701357653072,2.273956583491812,0.015688542,439.880554
6535878306733417216,0.7360742917244755,0.014711578675871,14.964022336974846,0.0102870630233921,1.219046561713396,0.029882878,827.444885
6536345629239560192,0.9501520219947812,0.0143836532639953,14.767265828944026,0.0100750370468071,1.6970692341898772,0.028495964,588.888611
6537179887982934272,0.634907987455273,0.0145005788011393,13.58164656683344,0.0102073661792288,1.1027892532007488,0.01475702,908.256287
6537224212045447040,0.7429424854411459,0.0145922788904906,14.696477774850036,0.010206412127033,1.096573716629039,0.023826577,912.030151
6537548357521681920,0.8199330697683092,0.0142375123530847,12.882222387523475,0.0100538586000685,2.7391913454258514,0.01534726,365.219788
6537741944583160320,1.2235514970942216,0.0142402338576555,13.517572286216325,0.0100264966690252,4.328948300090853,0.014729193,231.192352
6537753455095498752,0.6135036658501682,0.0143992808989308,12.79478433015928,0.010153143401233,1.6230170187728463,0.014982117,617.973328
6537804170069369344,0.6284173913118933,0.0145626247320237,13.153875684612792,0.0102509263857955,1.5017390711245948,0.014244578,665.51178
6537914911506531200,0.7507729515567847,0.0145707465650235,15.170966970407516,0.0101018445532486,1.0743713894102924,0.030828556,945.293152
6537915186384440576,0.6986759787593767,0.0143470866769624,13.440857119227966,0.0101062513928841,1.7268844435919846,0.013947186,580.393311
6538007511001205120,0.7535413806870422,0.0145420097879035,15.231348896760476,0.0101336107078073,1.2522311828635797,0.028969089,799.506531
6538676598185848320,0.7228541687022795,0.014331646261268,13.778098164905808,0.0100886551964705,1.755062236439716,0.018078595,569.852173
6539184984874924032,2.408960085452773,0.0239256444171949,17.06223906639767,0.0101204562829515,4.2545221895236525,0.07727217,234.905716
6539417565947950976,0.7153691234830957,0.0143287354905394,14.86943067173889,0.0100640143315606,1.059212767436346,0.02274859,946.90271
6539786177219193216,0.6703658746408168,0.0144305259642187,14.065226116444562,0.0101517093639265,1.36238686171901,0.018404834,737.793152
6539886748171967232,0.7801818223482082,0.0144053472214402,14.927399752621636,0.0101057153904858,1.2759404932674423,0.027390495,789.771729
6540005632867133312,0.8361341583256644,0.014329372885148,14.777218072442976,0.0100607374689004,1.2358827638552932,0.0232443,807.99176
6540362596192679936,0.724538106074589,0.014253825019489,13.819169057367676,0.0100495959821154,2.035134066558271,0.016731678,492.03241
6540376546246498432,0.6643823081175588,0.0143447740736365,14.438627928825072,0.0100956566489469,1.150621557683341,0.02194663,869.304871
6540703101199581952,0.7445376240009463,0.0143990089693803,14.36829668120278,0.0101082149350078,1.104377204982373,0.0191298,902.802368
6540728797984787456,1.0407378052343084,0.0145071400325691,15.060766472953675,0.010180395112032,1.8295114042101177,0.02771931,548.790894
6540778761340190592,0.681476609700849,0.0143149224406975,14.163734041292908,0.0100801046603393,1.2713591952595664,0.019224007,789.364136
6540875690162271616,0.8334325397258195,0.0148438872145269,15.277223190904774,0.0101540861671383,1.0596304608911389,0.02707048,942.587158
6540994437417680768,0.6865775353193191,0.014200435754925,12.830819153430856,0.0100289644180746,2.274266299264309,0.018096754,439.998932
6541041338460556288,0.7871832276609847,0.0142400763692089,14.3679442121659,0.0100346467185197,1.411384741831638,0.02253471,711.514465
6541288625496867072,0.5968365065609376,0.01448777162128,13.762989890258062,0.0101788199249074,1.2130680928503044,0.018737936,826.619141
6541364320000236672,0.8991511081154252,0.0143603944619707,14.509478058845207,0.0101085338443159,1.4583883323749751,0.030516095,684.279053
6541553848317509760,0.8480804106944968,0.0144085573136591,15.178402167162126,0.0100879864731797,1.423489586125218,0.026515799,710.735229
6541860062305448960,1.0790924933688844,0.0146073793068284,15.49872979362724,0.0100577308650636,1.7540311919575764,0.037047133,574.499084
6541909677767484800,0.8516974321012705,0.0145128193165883,15.163721314595405,0.0100697401838046,1.4364608580666265,0.031212173,702.393555
6542160160260307200,0.938406287679778,0.0143443168882191,14.573290876463302,0.0100580589268857,1.6457015891847755,0.022017553,608.930298
6542332955384671488,0.8681165601962608,0.0143128151942987,14.71675811621029,0.0100478023856895,1.7261952163718062,0.026541343,582.411804
6542417445981398272,0.9586743387948712,0.0145777213152819,15.132629400264296,0.0100863864585047,1.6220293913277035,0.0406464,614.282959
6543093400819171584,1.210175029091007,0.0149343574369452,15.546165186326403,0.0100587706400054,2.1764758144907588,0.035282187,460.40799
6543631787854537088,1.53190654122004,0.0143595676238283,14.938588230078963,0.0100500879676113,4.477055407653855,0.028438661,223.55159
6543826401415657600,0.6159675382308543,0.0146269561546443,14.53727662146282,0.0102673530607595,1.1028182954249093,0.022236183,907.202271
6543914499782699264,0.8137047551548885,0.0148881208187149,15.31747958551382,0.0102168438370512,1.2838022665555744,0.033774957,782.586487
6543918073195440768,1.7989021312312283,0.0144853707623649,15.405767282182662,0.0100144861403656,4.879395792523578,0.031870212,204.654449
6544266721459942784,0.8668252315680769,0.0143833455465719,14.912175103407296,0.0100911879328004,1.2948390703082784,0.023836326,774.31311
6544306368302569344,0.5988344837244614,0.0143254590952785,13.09675393621937,0.0101056238171385,1.3023782420072236,0.0136809,767.875671
6544977963748689920,0.8280517747157656,0.0143279377900405,12.781315329904938,0.0100986494517495,2.713693783620863,0.0152457,368.037384
6545166774806667392,0.6432005976426823,0.0141554673513144,9.525532773704787,0.0100056074729332,6.9920614906094,0.015929725,143.042313
6545347025994221696,0.6241194891930382,0.0143654334377444,13.368926898240453,0.0101238847968054,1.5553160329180509,0.015017333,645.070923
6545388188960800384,0.8351935167447594,0.0145513414575354,15.324840689374373,0.0100923235053118,1.146297083091144,0.03319298,879.679382
6545598126962004608,1.1379996496538602,0.014510874083558,15.19085949050096,0.0100616484254207,1.7405821432574629,0.03213993,578.216003
6545754601210606848,0.9409548945304508,0.0144399520757911,15.038574110858416,0.0101036704729669,1.7166867975146929,0.027676191,585.148071
6545936604744682368,0.8648856952348533,0.0147298793621763,15.3785201853276,0.0100975663898537,1.2470784499552092,0.041537378,815.866821
6546109331149595264,0.7644743360527024,0.0144339624359635,14.881505220691482,0.0100877196722057,1.2944696985284057,0.030149946,778.278625
6546149188445926272,0.8324029408011312,0.0143200674810695,13.473616233152766,0.0100827384404438,3.077969338482018,0.016002301,325.362915
6546225157827533184,1.702398820555855,0.0148483241530216,15.544784540965058,0.0100797412895011,3.3508083324452578,0.03880901,298.986176
6546258967810091904,1.0148247493570932,0.0142736754671197,14.018278206398902,0.0100522262348739,2.4067280473611783,0.019221146,415.915131
6546500306317152768,1.0914280049855112,0.0147176501460209,15.487452806134549,0.010077130482571,1.597113019410836,0.035116345,630.567688
6546622214669111936,0.7951637751337458,0.01429113264222,14.093994638209503,0.0100647943566219,1.905567221274744,0.01974685,525.071655
6546703101788307456,1.2021519976044752,0.0146772292355671,15.13230480535092,0.0100754940620342,2.652455064481039,0.03076029,377.453705
6546948189802105344,0.8719193819097786,0.0141773901035651,11.52822217512546,0.0100122043146024,6.627788283641464,0.016787186,150.922607
6547363805197203584,0.7653474644951438,0.0143328585007058,13.699460744519778,0.0100908339495516,1.5993005414667365,0.019710215,627.094055
6547443657229171584,0.6709337069894366,0.0142541458407175,13.277977554030668,0.0100483112692659,1.5418523729719964,0.015302649,647.975586
6547597588857378816,1.768810060139259,0.0186817544928844,16.83398701803844,0.0101188803422596,2.294771013848819,0.06898061,439.201233
6547792546012743680,0.8302864319542417,0.0145088827997735,14.872530447486431,0.0100943408506036,1.4390671277285312,0.025638016,694.320984
6548057111702587264,0.6512099361087514,0.0144148436557128,13.25153379561696,0.0101498948591,1.228097624130806,0.014549548,815.438354
6548527393441695360,0.7543906876255817,0.0145120416674234,14.626000788224175,0.0100620743522893,1.4086978518864104,0.028897742,718.694153
6548694042468110848,0.6877228805505764,0.0143831848795508,14.67110534807362,0.0100819722017736,1.0669766813060717,0.02466704,943.009277
6548697581521173376,0.8034969294678601,0.0143517920372994,12.982987429419229,0.0101269884990693,3.287004301232768,0.019328829,304.157318
6548908996991497600,0.7035896617252968,0.0143705294644581,14.277438779906197,0.010098062254929,1.4100844073071783,0.02160625,709.934082
6549054059511441152,0.9147898439708188,0.0141599340350735,10.964572120806238,0.0100054177000198,9.086927259089876,0.023996364,109.991852
6549095398572120064,0.828331180397825,0.014399292475363,14.93769946448882,0.0100843190403079,1.4055597069992918,0.028798815,718.847229
6549399065644290816,1.9364339625198712,0.0148315064717769,15.461360366654189,0.0100122768094274,7.782182640348303,0.035755258,128.535522
6549412916914197632,0.746451542461045,0.0142358811547443,13.882526266348096,0.0100325489305419,1.713798937341426,0.01827524,583.427063
6549456622501425408,0.8774655303505253,0.0143408609348247,14.261555802534051,0.0100272273680488,1.6903204130507696,0.025212323,590.690796
6549561728941191040,0.9306703917017736,0.0145054971727443,15.025703256786198,0.0100617957410928,1.684503535057503,0.029316522,593.900757
6549820148533322624,0.809950015019574,0.0144318407162066,14.82870012312456,0.010128351753352,1.1423038353454018,0.027794171,872.862549
6549866431100946304,0.6258275807498602,0.0143447610245351,12.829269920609295,0.0101089244784663,1.4458510498135058,0.016290298,692.346008
6550079014802127488,0.6305714503538686,0.0143279785164833,13.767078827673616,0.0100954975146604,1.2898255951814577,0.015817782,779.241699
6550520159482789760,2.085238113885425,0.018189429368702,16.81091276962615,0.0100606470247581,5.4212511734495035,0.07988885,184.493195
6550787787485221888,1.3509467128320611,0.0146298681018881,15.321405083352293,0.0101053588506991,2.8523809572091188,0.030618045,350.185394
6551544178470609536,0.7002325029527701,0.0145203536286634,14.110706440265703,0.0101795457053578,1.092865875800899,0.020379005,912.977966
6551818270398829184,1.2688243668808543,0.0145481747078218,14.73356280258836,0.0101411996373684,3.178693791165131,0.024720725,315.218811
6552013777310169088,1.2193748174772,0.0153023956973271,15.39636633411504,0.0102306064619533,2.184772509468602,0.03782016,457.589996
6552271917728925184,0.6746091557637823,0.0145316553038235,13.834428136555992,0.0102167332548294,1.640953766386246,0.01726032,610.568665
6552517937751052032,2.1222442395462964,0.0216044618052455,16.55081200969014,0.0101283535839971,3.41018832523187,0.05841409,293.324768
6553083258526516608,0.6383410082393299,0.0143606717847003,12.96976225787126,0.01012140026629,1.5561209495757866,0.01761639,643.748779
6553200764536417280,0.723044875686673,0.0144643597795215,14.775750699556385,0.0101159380636713,1.1170549269105932,0.024868906,895.910706
6553304122924596992,1.748827438927156,0.0142563802634655,13.868252390589651,0.0100061515979994,8.957622742533042,0.016646836,111.579697
6553389644313442176,0.6302053734323847,0.0144702144682137,14.214891512441046,0.0101193474297961,1.2566230225469306,0.01918923,799.407837
6554427480210964736,1.160905809089859,0.0144599942532694,13.703014712764888,0.0101557054320257,4.065452759377694,0.017324718,246.128342
6554508771056616320,0.6363954298770408,0.014459200154815,13.285957295818369,0.0101813781728814,1.481555431164717,0.012515781,674.049133
6554708714669417856,0.6827495957234188,0.0144518882497799,14.67325042379123,0.0101381421825668,1.2212776655368875,0.021644315,824.641418
6554880066684657280,2.295362000000001,0.0142741385915494,13.776693,0.0100087478352638,19.54121333358358,0.01814855,51.1758842
6554906661122176512,0.618562801020906,0.0144462565846506,14.261641360788122,0.0101117649123743,1.0998929636081365,0.02537784,912.262817
6555702192144580480,0.903054525026722,0.0144820884937944,14.175223610765334,0.0101312789093776,2.3753992815483747,0.019574229,422.055969
6556234596290610176,0.8584535464462918,0.0150380955169942,15.250727431346547,0.0102562057515206,1.0976559488053703,0.032056343,913.552979
6556334475755127296,0.7065054544083528,0.0148465130425992,14.552269594499252,0.0102706565507511,1.1103205058208132,0.028000038,908.195496
6556378872832241280,1.2928994696283005,0.0149905022643349,15.60236272890249,0.0102370190120036,1.834818945840788,0.035337698,543.99646
6556583725592292736,0.8626503255279558,0.0156924458455523,15.343132459664789,0.0103089498949271,1.0342668705068123,0.033924755,973.033997
6557128086927124864,0.9080235491287576,0.0152951050926127,14.561956312984478,0.0105811010289532,1.492290693954855,0.026662432,665.552795
6557247555738397568,0.9813629978826331,0.014399275806156,14.573241492322996,0.0101219049647343,2.445277525280636,0.017713202,409.726501
6557342251177493504,0.994775235790148,0.0142230928493585,13.239912461352125,0.0100437662504703,4.5564568498561435,0.013024863,219.548935
6558396957706108288,1.090695991012126,0.014499808919251,15.50154310389484,0.0100632621558557,1.4923431272164511,0.028544465,670.608398
6558417676628407936,0.7156977236168915,0.0142618810602465,13.44851968264825,0.0100690988077543,1.813999680290527,0.013565623,551.926514
6558675305946696064,0.6465208705503419,0.0143013700488674,13.030441999671233,0.0100991204727571,2.158859227661215,0.01205635,463.29184
6559548318179488896,0.965005604193896,0.0147504905440908,15.433738263217878,0.0102650553540994,1.6146544792142248,0.026912034,625.54248
6560273102500317184,1.3595680318051837,0.0144628826423398,15.24089345301281,0.010136911330469,2.6672569534827777,0.028590098,375.096313
6560400336612963712,0.7974136273663361,0.0144693588832721,14.28902366947225,0.0101923637481607,1.8286319987995283,0.018751623,548.550049
6560813168869163648,0.8135490584050222,0.0155573426536043,15.340473053466257,0.0108310667626692,1.058722311333758,0.027864596,939.866394
6561641410361333504,0.7256937738143419,0.0143910535065777,14.09878109331602,0.0101238646464716,1.856952722295635,0.018547852,540.976074
6562896777762854272,1.0988997677318992,0.0173064759818799,15.13502230929896,0.0103015489806456,1.529130085874856,0.030912135,654.724426
6562985357168435584,0.8789710458541365,0.014916700870191,15.218200726825454,0.0104198461428531,1.4680184719360687,0.026381562,682.52478
6563269202967186048,0.7227400902015694,0.0150626732404392,14.64676230549404,0.0105227657472718,1.1939879088721252,0.025462758,839.831177
6564625416200049408,1.5852250463391313,0.0141757354470136,13.56941694445902,0.0100013222851511,11.347386478259626,0.013682589,88.1473312
6566567497331569152,0.6784039145893058,0.0144441253445445,13.840555206079811,0.0101675444168099,1.4592928680602422,0.017529074,685.570679
6567022385907969408,0.9301786048953417,0.0144966090832137,14.5606047391342,0.0101806933662665,1.9438750198556225,0.020736324,514.976013
6567621894623119232,0.6974273986603117,0.0143885497446514,13.654094657489072,0.0101413615677346,1.649563520708491,0.017147463,608.176575
6567814687114979840,0.8060497471191849,0.0144446116888742,14.189094589532774,0.010166056130403,1.9067066290738124,0.018532278,523.66748
6568171409919303040,0.8107997949838086,0.0142951677597091,14.458277305671247,0.0100539948985393,1.7347726546983746,0.018466208,576.7229
6568181236804550400,1.0433749081474422,0.0144123718284236,15.2063139189548,0.0101017292027288,1.576329859332074,0.028372422,638.403992
6568318469599408640,0.8805981360826481,0.014511143813905,15.02034022365426,0.010147512317576,1.6438645031767476,0.024511512,610.984924
6568510368738385280,0.7718378747850061,0.0148671642143961,15.20222868572729,0.0103016782756964,1.044273543291817,0.02716321,956.980957
6568724464268598784,2.5423360000000006,0.0142440494218423,13.612131,0.0100073425584572,21.11083600680308,0.021537282,47.3648987
6568909560178923264,0.8215446991645026,0.0142709575567574,13.748698425280368,0.0100662119655326,1.8733676321020696,0.01716081,534.209778
6568991714313843328,1.6747630000000004,0.0141654245779719,11.859063,0.0100030613182472,17.082752429061454,0.016171886,58.5356178
6569303254061894784,1.1067648397917975,0.0147450049549967,15.529242667302004,0.0101924460428108,1.848685771320688,0.031897362,542.724915
6570354593334887424,0.6094562164122267,0.0144513374456632,13.678374621668878,0.0101854012660099,1.2118778555013816,0.01699424,823.06427
6570775259611963264,1.903038515736259,0.0152037730652448,16.176739793985252,0.0100913460310769,3.4367701163382125,0.045008805,291.126068
6570840955431735552,0.8102735016549037,0.0163647132751427,16.46955560727777,0.0100889921111311,0.6454347538980374,0.050958354,1655.82898
6571204309665260544,0.726677258813253,0.0143207883930729,14.503744189355102,0.0100801931195957,1.143359249277469,0.020200348,874.074646
6571720118058091648,1.9381513533659571,0.0171492510602659,16.74971528766523,0.0100386385997614,5.0138083192277145,0.06303938,198.864182
6572154115913265536,1.0824122953243012,0.01444071655566,15.280333382592914,0.010086677364013,1.8664481071641423,0.027657231,535.623657
6572919169848604928,1.9334659151215232,0.0153054938883697,16.33444265867042,0.0100191314585831,5.028344081668852,0.04372856,199.064545
6572945386329000704,1.0806915477280397,0.0145202063682344,15.251516192875116,0.0101173725154129,2.066540982198348,0.031887006,484.712341
6573000739867654400,0.7605193380809184,0.0144741362348474,15.08360368219333,0.0101238099327042,1.110301035651901,0.029632598,911.485107
6573119177885573504,0.6660789626401922,0.0142425935709447,13.801581761557168,0.0100491824457875,1.44401437696375,0.017591977,691.837036
6573544963762780032,0.9774661673324578,0.0145216778409317,15.04675799037605,0.01010421355613,1.3683310441003982,0.02669912,732.26239
6573568087866444160,0.8396128177836026,0.0142508574062565,13.995055821383202,0.0100362504260262,1.527984299221518,0.0173978,656.487793
6574137428731498624,0.7511758899969281,0.0143949325338265,15.00544795691907,0.0100721442539155,1.1683945470125414,0.027164495,859.593506
6574280124724811904,0.8182871161974525,0.0144243563333144,14.956980098498285,0.0101076427100176,1.5437189476737545,0.026216993,649.82019
6574567303417612800,1.0555523538299378,0.014192253022826,13.334849976202957,0.0100119603601433,4.691610254540328,0.015249877,213.126831
6574780295139819520,0.6593631925041652,0.0142882615013336,13.746334772120552,0.0100754691142741,1.2998342450666105,0.016888898,764.69397
6575346994600632448,0.9017630886180408,0.0144010844337195,13.440744462275145,0.010145915273457,3.1148508377102084,0.016067104,321.153687
6575543360505107840,0.8156881562988533,0.0154603462181516,15.001125698110885,0.0107402254026236,1.4332363969563096,0.025159685,698.17572
6576232101460909056,1.1185771647979734,0.0143728764745543,15.171524261563198,0.0100111568311041,10.59792728927609,0.03576298,94.2980194
6576980559641617280,2.128169,0.014189044365746,12.644201,0.0100048888814003,20.248960562577768,0.017176732,49.3834991
6577304331456470912,1.0128704738237786,0.0146003531831578,15.138073511735984,0.0102220754785386,1.6081972534572944,0.027502311,624.017151
6578584815826073216,0.7028904696953321,0.0145579620081813,13.374519045011178,0.0102557466654408,1.7854185959983933,0.016202256,558.274719
6579878563055235456,0.6496567169678814,0.0148379205950829,13.0672659919798,0.0104397352910128,1.439418385332417,0.016929746,694.892395
6579886156557398400,0.6679775541724102,0.0146876036888728,13.58387516765625,0.0103381927130062,1.364767181968311,0.018872121,733.224548
6580021602646025216,0.7178683512347042,0.0144212832581354,14.53347191313361,0.0101227611104119,1.1464831572448675,0.023972854,880.577271
6580305929479719424,2.269294613641064,0.0173720208034258,16.93195911903826,0.0100836797711955,5.224563242141062,0.06811388,192.054688
6580441478648833024,0.8465370225073894,0.0144492495024606,14.901193219753829,0.010146817656122,1.2704106737014054,0.027639793,786.522217
6580456768732431744,1.3123907990335455,0.0144293704173844,13.827877555538665,0.0101698450201316,3.9791042761680697,0.018972242,251.224197
6580615373284858624,0.7295612625838945,0.0144927123057475,11.514970005275286,0.010222641402937,3.0966963050811995,0.02236477,323.103546
6580637294797980160,0.6936461455946197,0.0148402336629335,12.874290411317569,0.0104438233612796,1.652151457038131,0.017414588,606.921692
6580716768872987136,0.8276432480220599,0.0149557426375739,15.33348677890897,0.0103188463211904,1.1456454708432282,0.03192175,884.541199
6580956256249130368,0.9129171510924052,0.0145538946161412,15.150452312861765,0.0101593522324272,1.4321346825146302,0.03377055,701.185913
6581263123072610688,2.1283940712917153,0.0163915141029658,16.5216051604096,0.0100612502408499,3.769400958634012,0.0566128,265.046844
6581264561885130368,1.2028717885092104,0.0145812622983756,14.637272879258516,0.0102021063629849,2.283931306770603,0.025134927,438.823242
6581270819654027520,0.7220597153890831,0.0143886518875993,14.808118870319582,0.0100830787273734,1.1119215971120475,0.028299782,907.104797
6581310539511459712,0.98533628147655,0.0147841689836699,14.75646733918886,0.0103680010258877,1.9178440279976476,0.02744684,520.956726
6581311742102278656,1.3456606818338783,0.0146605941900007,15.64190407013785,0.0100920649580261,2.5039316369952114,0.039984852,402.35437
6581551126399962880,1.0770508992226837,0.0160309238590513,14.89648902902348,0.0111501079024083,1.6762661941723929,0.02875307,597.728027
6581619089962781056,1.924279442702248,0.0154018048971742,16.135668949859745,0.0100237651907201,5.549896684820283,0.049569268,180.605118
6587412038770708352,0.7600278425650002,0.0144237922339489,14.536036924415946,0.0101138352160497,1.2663705051729914,0.03724987,793.121826
6587823908955090432,0.9850033217555856,0.0143920021431349,11.852082943983431,0.0100052484391784,7.837824332717919,0.018045072,127.61499
6592700243024482688,0.8825900887240077,0.014274839004694,11.60677625061318,0.0100325620132923,5.933021676412152,0.023274729,168.701752
6592709825094779392,2.203208042380497,0.0178144872823388,16.86816617176322,0.0100932115189163,3.212638464886461,0.065775804,311.649658
6592724878955787904,2.6901117384524476,0.0165357445645608,16.52069957539705,0.0100232380140138,14.32707061054558,0.061268885,69.8862381
6592915399410224768,1.0878365801575354,0.0146665335034664,14.989102950954711,0.0102752347961614,1.9575323806006943,0.030136485,512.821716
6594025940514191616,0.7737872153123001,0.0152789191697114,15.325496762424711,0.0102207776560504,1.0861522135150985,0.035576425,931.494263
6594153213279610880,1.874446380212736,0.0157450601905768,15.679597716677602,0.010011333375639,7.263740465258011,0.04655611,137.55545
6594182006740390784,0.8241165889774262,0.0143361102449073,14.520896069499248,0.0100665505706339,1.6549239465411418,0.022670431,604.308655
6594825667719151232,1.9390025039875631,0.0154221249495749,16.048617149264373,0.0100461257384139,3.485248497110498,0.054653436,287.056946
6595231421869829120,0.813289330543135,0.0144084482853381,15.183638767066668,0.0100771732925844,1.259298871200767,0.031825412,808.902954
6595502344112120704,1.911579495450885,0.0213699613210033,16.922854871454593,0.0100599197990467,3.0941919730740444,0.06859625,323.581299
6595613502160522112,0.999750924776896,0.0145976896993432,15.38714710931954,0.0101172861618433,1.2564599851062732,0.033842027,798.849304
6596436864570707840,0.6963545781623305,0.0142471523988164,13.233000818813752,0.0100386811465551,2.0708936223623926,0.01424263,483.005402
6596617768593446528,0.72844213790065,0.0143310531738833,13.66037382276904,0.0100863830332711,1.5422592772533863,0.017458646,647.465027
659703407549674368,1.0853043854950977,0.0142421170688072,13.451869097229132,0.0100443005929333,3.5053102181061115,0.018024676,285.174164
6597110865198590848,0.7696449714939283,0.0144594847802881,14.783971608979924,0.0100557809546175,1.4287123245776647,0.026819844,702.181641
6597543797902125312,0.754627262717161,0.0143551951711515,14.273132988580729,0.0101027563994695,1.2579080931569795,0.022260398,796.346741
6597636569195595136,0.7676136834792451,0.0144310397729476,14.620296635024516,0.0100947420976406,1.438387454070212,0.024281593,699.505798
6597686528255184128,1.5144496497886724,0.0222210543227897,17.243467345480056,0.0102120505698835,1.7607496202129178,0.10445425,594.26886
6597761741722534912,0.5821296081455144,0.0143921890018333,13.18905215938695,0.010148652011618,1.2492160260136884,0.018271472,798.644287
6598916538169642368,0.8625876533462609,0.0145260493290314,15.190680206998064,0.0101021072377319,1.463870892466961,0.039079506,692.505676
6599053942763395840,0.7282859540495865,0.0143577347347886,14.154976556283591,0.0101072401518849,1.486372262173671,0.018751942,675.148926
6599064864864454400,1.2650427790197152,0.0146050954934841,15.35672746887786,0.0102175285979597,1.940614330325116,0.03190316,516.089722
6599249582817982208,0.7906915256820403,0.0144397035991267,14.896658951000314,0.0100859235306852,1.408358019579567,0.027093466,714.277161
6599370185499809280,0.8468243373838675,0.0143006130836989,14.289227738973056,0.0100780753302889,1.689434278884009,0.01937948,590.980347
6600078687600041984,0.8476869311501934,0.0145524238617694,15.039503669921311,0.0100612284684532,1.296580416621605,0.026416466,769.408142
6600161765152799872,1.8347226335602895,0.0205780378510134,16.906932830215663,0.0100745022300983,3.5197926088447304,0.07755974,287.104523
660025564456310144,1.8199718448644124,0.0164314244629947,16.489872338009736,0.0101198272463122,2.3821084669743997,0.06383387,419.8862
6600676959364702336,0.7983546051482794,0.0147513335289451,15.255564033806277,0.0102515442961472,1.0269666228988017,0.034621455,987.444153
6601029799517817984,0.6736658017419276,0.014376793762661,13.815179422698256,0.0101334588340904,1.3705569950905192,0.017900458,728.939392
6601595532610266752,0.7357653242819022,0.0143178794647764,13.757669813216514,0.0100948775720644,1.8084617383757535,0.016428253,553.456299
6601841067300640512,0.9135210414534124,0.0148945513877459,15.355958018660395,0.0102538245652152,1.19485987210183,0.031663056,843.597046
6602318083548273408,1.4328608709787336,0.0142352220992883,13.804471356421844,0.0100300760322219,5.617696717090686,0.015306633,177.992935
6602565267506098944,0.7941025430031562,0.0142614153085609,13.801700526463655,0.0100413211144187,1.678618995741871,0.020453032,596.790466
6602680235190760192,0.8132636548476359,0.014314937231561,14.473731115435314,0.0100634130064713,1.860375501395733,0.02412711,540.920227
6603184704869251072,0.6678740875309072,0.0143551827444184,14.237644862135316,0.0100917124369478,1.0359430387743045,0.01957901,960.486877
6603488616755297792,0.7951258674389446,0.0146448452050043,14.463328153533482,0.0101955966949388,1.3518955057869384,0.021667697,739.831116
6603609047638215808,0.9971012282877756,0.0144647932860036,13.861055097140568,0.0101632110911856,3.4364559409115505,0.015757585,291.559906
6603642166130510464,0.6255139452122456,0.0145364775286945,14.291364909860684,0.0100937357086132,1.0763324467691788,0.021345345,933.682007
6603766032987334144,0.6859465322468352,0.0143749295612603,12.616487762573248,0.0101275040823075,3.100158136674838,0.018136403,322.596222
6603991157993201664,0.6875354839354034,0.0145910941127354,13.52904887851098,0.0102587201764196,1.6129555281737775,0.023826906,619.041016
6604005799537262464,0.9050732801706672,0.014814690118463,15.374107075192873,0.0101645011153936,1.111276651813105,0.031022353,905.017517
6604420830816989312,0.817359206682058,0.0149502880773808,15.085220358528192,0.0103580993112768,1.3430672686299594,0.029638354,751.115601
6604569398031331968,0.8057887109789994,0.0147132362564834,14.578249469642689,0.0102886395963054,1.5144749109864,0.022848496,661.984558
6604836480572059136,1.3248966052650792,0.0146976639000095,14.897849314901084,0.0102319254907225,3.4192259214542933,0.026561534,292.496094
6604935054366813952,1.0770367664587197,0.0144920751324433,14.718876379505884,0.0101368772491283,1.9994511181794636,0.028551567,498.89093
6605250893376596224,0.6228714208403748,0.0146489828720482,14.08636367080643,0.01028348769819,1.0551601345911854,0.017945796,948.309631
6605392691721585920,1.3567706891322835,0.0151073919339293,15.35498816640526,0.0103935678431154,2.9298872523643147,0.03756265,341.624664
6606290722138817536,0.9066855691908954,0.015057891848675,14.78849554743733,0.0105265141765078,1.323620708215833,0.023130056,756.430237
6606482445184695552,1.7902556858976966,0.0193486692187248,16.397051341823925,0.0104321811409022,2.659246457276631,0.07436945,377.643616
6606527563815324672,0.6498781719210339,0.0152574628054186,12.487976359916937,0.0107170469996769,2.2617909493373305,0.015701383,442.675232
6606605972738318848,0.9587658991902808,0.0141848288918924,11.29109070692768,0.0100204655471561,7.26494447699434,0.02034828,137.575577
6606701183573063296,0.8198720313857105,0.0150661268265747,14.850021713712652,0.0104970665924002,1.280370297005094,0.024595313,778.028503
6607145695508417408,0.7008207464459122,0.0144810110362865,14.294125878803452,0.0101592809057303,1.526675037854241,0.020778427,656.360291
6607488159020728192,0.9037778770505728,0.0149216563078183,14.725000866810902,0.0103873764282057,1.888182658365405,0.02592431,530.997681
6607718575426226304,0.8179671731338557,0.0148432984377116,14.80180643729446,0.0103361248687525,1.182734981549289,0.028791348,847.156128
6607733899869566720,0.6421151986788479,0.0145173726055761,12.592063151955472,0.010231448076539,1.7955000084315278,0.01328322,557.026794
6608069938110798976,0.7932730216108759,0.0148653705129607,14.685694406903105,0.0102963328528002,1.2258730313805053,0.026635448,815.499146
6608173459707651456,0.6613986180595101,0.014355218668904,13.125467255808603,0.0100713242953771,2.1601261115097814,0.017164003,462.979218
6608204731364604800,1.0569069618531364,0.0146556222245985,14.764496815743644,0.0101673902970156,1.8092250845875388,0.026673276,554.69165
6608285785987105536,0.9955000547918328,0.0141991139255035,12.332805375861394,0.0100160536616024,6.713588674750295,0.012567647,148.978119
6608754208004965760,0.8009072703669657,0.0142713354072142,13.653010211427448,0.0100543625938354,2.18500810203908,0.018341675,457.713318
6608760843729865728,0.9527900151889258,0.0147249024745452,15.011835455167224,0.010173552827015,1.7120900913882322,0.029171169,585.596252
6608833892533694592,0.8012379087280774,0.0146631084248777,14.930108721516834,0.0102516511394435,1.299057795907488,0.030464483,767.981934
6609057677509793024,0.7850528860438187,0.0150921005253683,15.317808532902111,0.0104168697534322,1.1009742336115549,0.034293044,914.711853
6610329090908412288,0.7008693932377216,0.0153823518925752,13.783402234296764,0.0107469118538232,1.33952290797674,0.0157127,747.532837
6610457802488428672,0.696554407663537,0.0145994558162343,13.536781420451648,0.0102814291719206,1.5394241170906644,0.01903851,650.966858
6610580844711382016,0.9725298958972906,0.015237532647893,15.015173928239616,0.0103777803598917,1.6411008388844766,0.029603958,611.73761
6610729141342197120,1.8383124172102063,0.0154587552697272,15.940859203822887,0.0104689258904835,5.022727709511736,0.044104967,199.293228
6611349609498135168,0.9907296025129844,0.0145720261307946,14.95963258688316,0.0101996152352518,1.9697352597258375,0.02947867,509.725555
6611621395028215680,0.9188229636446922,0.0141666706222894,12.206259383330902,0.010004712568892,6.093611085975207,0.013092227,164.10321
6611621395028215680,0.9188229636446922,0.0141666706222894,12.206259383330902,0.010004712568892,6.093611085975207,0.013092227,164.10321
6612080234974913280,0.6120578526677433,0.0143125633186842,13.377990960665496,0.0100822691554671,1.4091177913445372,0.014196317,711.886658
6612256294274214528,1.0387098966073351,0.0145164252584934,15.197995378748637,0.0101413264793326,1.6324419887299908,0.027264196,615.350647
6612263853416627072,0.8269179373967139,0.0142353801206276,12.35759267943343,0.0100520952822061,4.399154961895861,0.014211334,227.310913
6613417683494962688,1.8497021615527536,0.0154042090070631,16.128627158511197,0.0101336357467682,2.8540431303402163,0.045938507,350.870544
6614154566739623040,0.7408169065952056,0.0143151996267821,14.225702988628612,0.0100854844639997,1.0338504514322415,0.025221512,970.417358
6614251048885095936,2.091843907671022,0.0169520874694563,16.40808712385578,0.0100313642619401,8.51054915749542,0.05208221,117.964348
6614280804418537472,1.728422,0.0142239342611843,14.110536,0.0100026254295956,16.44267674513022,0.017965658,60.8288803
6615425773980075520,0.8704608967173713,0.0148484366392645,15.282691732469749,0.0102932638884864,1.2142250783563946,0.032528196,831.440552
6615752878689155328,0.5975122279094724,0.0147346080542103,13.59101992450502,0.0103292692553922,1.112994582497744,0.016895073,900.343872
6616075928949469952,1.796365561926335,0.0153005618059562,15.983048096513022,0.0100628499784198,2.8132270612883654,0.0446681,355.183899
6616075928949469952,1.796365561926335,0.0153005618059562,15.983048096513022,0.0100628499784198,2.8132270612883654,0.0446681,355.183899
6617690252536979712,0.9640171469170192,0.0145120339128115,15.373128217717989,0.010144487287101,1.65404618475957,0.02963951,616.110535
6617922730526876800,0.6909878361782547,0.0143465846102932,12.983094510277583,0.0101241085816031,1.2834364117619004,0.01839252,775.730957
6618025947181018752,0.9453951782983006,0.0146241453258264,14.772983236506924,0.0102778127631305,2.1265865725431112,0.022966273,473.393341
6619079790421396608,0.6830259533445143,0.0147150267762815,14.513433876970511,0.0102522026362088,1.18983162262855,0.024328599,840.857727
6619302686339388416,1.2308663824197086,0.0146610887309348,15.138686701523364,0.0101900520966231,2.448382622010898,0.030520251,410.352295
6619440365810839040,1.980234217034568,0.0181820090156142,16.750163170073307,0.0104834802045581,2.574694368761018,0.07491378,390.801422
6620790737888786944,0.7745631097019501,0.0144040927009916,13.881494420229632,0.0101412209428169,1.6152247524723309,0.017695889,618.468628
6620835057655883776,0.6125370110333704,0.0143470889093911,13.2205397535238,0.0100949911529319,1.3737849836363922,0.013867113,727.349182
6620862923403780224,2.226853415905766,0.020649228521676,16.767767167432563,0.0100948036737816,4.531563292523083,0.06646947,220.989029
6620909034172204416,2.1021435566839197,0.0155014047562466,15.813877196667342,0.0100652212399726,5.302074645336283,0.040221237,188.92041
6621578503610176640,0.698472327633854,0.0143271839699358,13.93783245158138,0.0100996478228226,1.540350451440924,0.02035859,650.960205
6621698522176400896,0.9913258075005196,0.0150027648726653,15.11199014314264,0.0101351014963244,1.483050730887386,0.03502385,674.276062
6622128087625420416,0.6540229223889127,0.0144623073128077,12.382215677396736,0.0101971205643985,1.9644847870145752,0.0189802,508.587585
6622162378644361984,1.0229633466005053,0.0148946560144166,14.66558160645956,0.0101890463096879,1.879894588378848,0.030613737,533.449158
6622799575696668416,0.7964816086085152,0.0148523819772284,13.613230850344117,0.0104362446129185,1.8584003727091367,0.017274193,537.496277
6622902040731932288,0.8437876859704414,0.0147223622312421,14.328138283851525,0.010258905508479,1.3498607801885505,0.0217596,739.888367
6622929150565556992,0.6757854150381992,0.0146273493816547,14.317553671828424,0.0102647943283289,1.2428666131550348,0.024790626,808.426331
6623777664304515328,0.8933263682156967,0.0160592178931778,16.169315647753475,0.0103565734030499,0.7050077931381585,0.048299234,1409.16821
6623821163733334784,0.7791129950536314,0.0145986867655472,14.329216598298585,0.0102186108163737,1.0985955442959776,0.021744715,905.13739
6624009145862011904,0.9596317712260024,0.0146323617821512,14.53227548062304,0.0102284986127798,1.670737144616195,0.024412176,603.675293
6624114802057690240,1.4064260294611752,0.0146777126053942,14.70887912407958,0.0102265824391978,3.007039692713438,0.02401821,332.438812
6624256123661492992,0.7629905251758742,0.01460178944791,13.921554743011535,0.010268088982938,1.3809872119709878,0.017708447,726.432495
6624262514572812672,0.7148023651575801,0.0144474803302282,12.768375852564963,0.0101781248797279,2.636832842447723,0.019323705,379.083282
6625252865311514880,1.1341959442439398,0.0149058942584245,14.854186645298956,0.010361344516551,2.039605814983702,0.025543071,490.658173
6625351198587544960,1.2317172953167803,0.0149616615282571,15.006676421319469,0.01043906744501,2.2068943320161516,0.033680152,454.023163
6625684870301928192,0.9366942683309808,0.0144094179035983,14.80197030439018,0.010094538247785,1.8698467491942272,0.025114464,537.500061
6626352029047060224,1.0810860684672463,0.0144500254606957,13.42790181118803,0.0101808015271009,3.336233762864932,0.017510483,299.602753
6626584339532908160,0.8029153150045641,0.0146043445263971,14.043930868132206,0.0102612940532271,1.9195965061788816,0.018741414,521.78302
6626664015470801408,0.7601265266811239,0.0145792701820749,12.96493036453125,0.0102565654722324,1.7652032764234975,0.016784571,567.330994
6626667593178912768,1.7436492895261606,0.0151327958911379,15.34430222865894,0.0102215882983335,3.4961328892124395,0.03651682,286.338715
6626858083568429440,0.6394822719551722,0.0147520366207702,13.70627891179814,0.0103497712982191,1.3560954739763948,0.022992961,739.119568
6627515351004087680,2.191553604571788,0.021340165428293,16.921684537547552,0.0102470073943228,2.668379677064243,0.07474592,375.123291
6627772258767868672,0.9727638228542708,0.0144008846167469,13.909590075622324,0.0101184677565705,2.2445903078509604,0.018635465,447.001953
6627909766440673152,1.3620032079075102,0.0148654811348096,15.056510969828151,0.0103078300791872,2.79402403794512,0.030601887,358.548981
6628309301478414976,0.7491505360986492,0.0150388115369817,15.116788692449962,0.0103077258828432,1.0482089380102635,0.03025587,961.479309
6628350498804531200,0.832831302397104,0.0148357545968533,14.880131965112144,0.0103442010308062,1.2847516886838015,0.031483177,779.796326
6628366063766085120,0.980257000816272,0.0154212410529922,15.448584401075152,0.010626816125528,1.269166535315187,0.032479938,789.874939
6628686743204121856,0.810555076034273,0.014973987106665,15.137355351067898,0.0103924043405043,1.0954057074740162,0.03514305,907.75238
6628723714282349952,1.4876471658131665,0.0142869273631999,13.748866830088591,0.0100712114286881,5.530343913813973,0.018764757,180.847061
6628998282952248576,0.9343306846733612,0.0153072950467914,13.856306731736762,0.0107192831077233,3.0876111828326898,0.017647818,324.731018
6629003746150627200,0.7694328411566378,0.0159124185259126,13.685824563371884,0.0111276012433934,1.522523716758497,0.016783142,658.060913
6629094730737527168,1.2501913547648953,0.0141680486487754,11.93836562932083,0.0100036747007968,10.502169322663136,0.015054268,95.2073822
6629236460362986112,1.8086393516309724,0.0178008901601818,16.67468186304319,0.0104834017519104,4.222929848592153,0.07572992,236.811523
6629249001667508352,1.9081893111171169,0.015684579594133,15.944954330439238,0.0100876033179265,6.008415483860409,0.048948873,166.221054
6630555260142315136,1.057883731359311,0.0151988739304102,14.01710686935229,0.0106711735681408,3.4281226978363515,0.017418316,291.701691
6630723794659974784,1.9505536340097112,0.0158900428475076,16.542630705166253,0.0103831037187262,6.3274829730472435,0.050905254,157.881134
6630734274379027200,1.9567897046516736,0.0147720433996588,15.842675074988303,0.010052435381478,7.257676594245311,0.03920866,137.623947
6630752759919390336,0.9847096770816298,0.0148481667118168,15.308474586482824,0.0103862718715181,1.218240488274356,0.036525514,817.970947
6630783099567854592,0.6968181316714894,0.0148730526414883,13.577906809658124,0.0104643949542479,1.4656978490459642,0.016021295,682.333679
6630999943875673728,0.9109584306129298,0.015120310125368,15.073840918289592,0.0105519541427759,1.657654655529795,0.029564407,611.228699
6631133053499456256,1.8012912016404643,0.0546690642392889,16.79448738279498,0.0367832071185241,4.2011844354149295,0.07411223,238.275284
6631230532077787776,2.328437000000001,0.0142236985966261,14.053798,0.0100053611876685,22.505482962914037,0.016961342,44.4317818
6631362404754739200,0.7104880780825019,0.0143529120290232,11.207464764181829,0.0101354316190222,5.617128200925967,0.020372553,178.119507
6634424441558460160,0.8788549471383287,0.0185328017150367,15.068183523709784,0.0127348598831335,1.301708582532276,0.032464225,769.035217
6634576857059087232,0.978210844197056,0.0155026224469638,14.798829954168225,0.0107896848544957,1.6439541352395954,0.025656272,610.270874
6634651284550531200,0.7753126934170966,0.0166986140656929,13.373926264179392,0.0116471963893041,1.6761941480573213,0.016337074,596.746216
6635551234818940416,0.6978679130146679,0.0158592713053521,13.580132009367004,0.0110895840501913,1.234447224883269,0.01673132,812.714294
6635825837849648000,0.7946839571981776,0.0147706766108225,14.005836305640106,0.0103822317920061,1.9390997787271167,0.017688254,516.188843
6638670652383614976,1.331247556650902,0.0154374369901124,15.22329018207642,0.0105222217917282,2.2963438145427384,0.0361965,436.301605
6638933126425518208,0.8029952632965127,0.0154502968697837,14.800689556273484,0.0107569752058988,1.1362142339228594,0.028060535,881.312073
6639266896924021888,0.9637578215846688,0.0154429901325922,15.1653426664172,0.0106473434000543,1.6038969170234758,0.03425164,628.011047
6639320360676345984,0.8517167468490634,0.0149610022474378,15.15765145221286,0.0104122089054345,1.3165236748549398,0.031003246,768.126282
6639743981891659136,0.840346734838734,0.0151326478277366,14.806777733142278,0.0105088755871688,1.1354090658617528,0.024589136,884.51062
6639824624197716480,1.8185659398113756,0.020834658959015,16.466793645305504,0.0118584520244646,3.6898722248960016,0.06546905,271.197052
6639931345544742912,0.6571930342671254,0.0154786507476976,14.090137280960684,0.0108444669650322,1.2865479403576152,0.019029157,778.411621
6640942449565203584,1.6893401262193275,0.0158819587489113,15.559737524423852,0.0106230757583764,3.281638515087097,0.04470214,305.323975
6641346485728224640,0.6562562528001338,0.0145908738328752,14.541337206923258,0.0102357887168925,1.0825025971094848,0.021627553,925.760498
6641420290446513280,0.757059502503626,0.01456010962565,14.77740301567884,0.010203046523509,1.2560034686271269,0.022466188,801.818237
6641976952568004608,1.6520080273313968,0.0226207998074345,15.307368032843758,0.0104164036584286,3.59514762007192,0.030831372,278.395813
6642083811354553600,1.3510293938552624,0.0164010797578539,15.499619149520102,0.0113119688468907,2.249551606874054,0.045939133,449.747772
6642318110409879040,0.9169131499434569,0.0149995221414878,15.077092731974302,0.0103158112331526,1.2061039596131362,0.031963825,832.279175
6642426377945357440,0.9860862303089608,0.014784791263836,15.262405161534552,0.0101995896947974,1.5109095299005204,0.028688861,663.756653
6642995581372093056,0.85843607411675,0.014927638263581,13.828255570164927,0.0104748418774946,2.687210936373568,0.018352568,372.363403
6643433427517668608,1.5077002925298395,0.0153085728188876,15.581754309457732,0.0104491044664655,2.3376055116958185,0.035129998,427.922516
6643563204249891328,0.786694770847315,0.0153792432637849,14.462842295880224,0.0107386936902142,1.5416599183413449,0.023337271,649.716675
6643797915622348288,0.91501153792047,0.0150495329639856,14.86379231820642,0.0104796799330461,1.9633852065942696,0.027687397,513.232544
6644583551040391168,0.7274949490514377,0.0145640008774478,13.1957056217956,0.0102486666044414,2.308399104359222,0.014635268,433.884186
6644634300374222592,0.8307138348958228,0.0160741670698253,14.526563856495894,0.0112042683451199,1.2869548549638905,0.023285698,775.946045
6644683228641154432,2.0285411427799276,0.0146318645519565,15.655260631121946,0.0100218987145518,5.135901713206457,0.035695236,194.434296
6645293079637794688,0.640511034865247,0.0158435376278255,13.879308175565813,0.0110711834268323,1.3259327903744638,0.01778123,754.681274
6645353857718732032,2.3079007766100816,0.018000658963581,16.747404657979065,0.0103775931767852,4.1730140972650425,0.06708002,239.373215
6645632966169056000,1.130189754167442,0.0148804274243753,15.391034279753296,0.0102126925727795,1.9951679748401865,0.03648013,502.931244
6645873175100083328,0.6489073875927321,0.0144727164864866,13.00220553707183,0.0101958667711307,2.1725522272193807,0.013203039,460.276093
6645896432346385920,0.7396566049646406,0.0149902797655206,12.352151218685476,0.0105364480925675,1.7052467846912187,0.017135832,586.006287
6646066414268655360,0.7373864683164105,0.0146467420153952,14.323014426154112,0.0102283297627629,1.1485147336511448,0.022855699,873.315125
6646097819069706624,0.730330440749627,0.0149453992248567,14.361224699156065,0.010464192732647,1.5881872957253884,0.022221046,630.763489
6646246046981180800,0.6627218743936164,0.0146094418488348,14.339343335100637,0.0102406165323042,1.0756582329097588,0.02064952,929.684509
6646389803829363456,0.6997904946324763,0.0147740487017212,14.02854572219134,0.0103651661634821,1.065602198979568,0.02054677,942.545654
6646479212165535104,0.9553825678463804,0.0159089482438848,15.274557958912336,0.0107571332787782,1.550910971531163,0.030992243,649.909973
6646725915087382784,1.0641524166724845,0.0159233837840728,14.756014074466322,0.0110822915989979,2.3828744697809117,0.02961784,419.496735
6646933276107970176,0.7644097662415016,0.0141967918910329,11.309349979575169,0.0100337947388308,4.649536748774821,0.018933656,215.196808
6647179802935867392,1.2826459999999995,0.0504048468106556,18.936703,0.0103065317588699,16.92060493607791,0.21634227,59.3472633
6647522064588452864,0.9152700036821712,0.0159492087583095,15.191113411392816,0.0110801308292889,1.262844493505369,0.02970954,796.450317
6648174860956835072,0.8194431336651314,0.0153626075370375,13.377840388527334,0.0107719311497115,1.9577249542718569,0.013894719,510.804077
6648498533992253440,0.7281177263706792,0.0155977178397897,14.62677566611735,0.0108502501616929,1.1236358247253444,0.025143571,888.544861
6653064565267413504,0.7710988916041275,0.0157521527926517,14.40335656531636,0.0110072660995034,1.2011507674366984,0.027216654,830.447021
6653271479610792704,0.8310214034856679,0.0158519668360443,14.446032441525889,0.0110395542372044,1.8948471668269051,0.021847356,528.388306
6653809690550640256,0.8678710541299928,0.0158514291709554,13.61182892665512,0.0110927560970727,1.87427069694275,0.017081104,533.997314
6656382066722493824,1.494471414541945,0.014561443974096,13.598838451752046,0.0100422057870465,5.396326169885503,0.015457227,185.276596
6656860594798931072,0.7498845450651359,0.0151184103206072,14.001567382703128,0.0105903437384272,1.2178025414686091,0.01786142,821.916748
6657162960495619584,0.7728325139871748,0.0152834442322054,14.544295497665573,0.0106366192682654,1.049223044081088,0.022290098,952.059021
6657370115358134784,0.8628048291951947,0.0165548043685957,15.0406796688499,0.0114100734150952,1.2996557198761158,0.031952474,777.257263
6658128022468709376,0.6832187601389332,0.0162424053582941,14.435792524817478,0.0113141220332266,1.202328779761382,0.02615177,834.239319
6658195741215929856,0.6965613402825762,0.0153958038177392,14.616597892210542,0.0107486672719698,1.1688633139807247,0.025634015,858.61554
6658324388373048960,0.8483373472640001,0.0155259930116421,15.057562506032191,0.01077246590756,1.0353093605609882,0.04232894,973.022034
6658389740595581184,0.836781016993296,0.0153184355111039,14.14749594529712,0.0107223457013571,1.9164838795260088,0.025050163,520.255676
6658559031026251520,1.058420679282064,0.0153352209182371,15.287155832817309,0.0106412693979216,1.932352631572365,0.030486379,519.760376
6658886891647937792,0.6868381133289767,0.0153969520126371,14.06596852158974,0.010773795238579,1.4483439935703024,0.019644514,690.240356
6659250692557529088,0.8794940936472946,0.0151433491465996,13.06534685929229,0.0106401656839855,2.940531525292475,0.015897917,340.312531
6659554363925758336,1.7893008755558673,0.0289086457143525,16.356848694463874,0.0189299501442928,2.4858420733349984,0.054318048,404.195862
6659588861102367488,0.7385224367393642,0.0161434685775099,13.607338944521452,0.0104990300594597,1.1345968228224232,0.015776753,880.753601
6659617276606232192,0.7831112478012678,0.0152049299466072,14.127897899552543,0.010576022307045,1.1660864043133536,0.024499841,857.673035
6659691218763339392,0.7125282174302223,0.0151939429041339,14.243808831846115,0.0105319917348167,1.189116404846859,0.020219604,843.389526
6659776705793183872,1.3370209356572385,0.0150059159583746,14.853381007829444,0.01038924694039,3.4416468573444035,0.028754035,290.95517
6659937371929446400,0.6821839098982795,0.0165726225499547,14.78258905062892,0.0114710078325225,1.0561145541987529,0.027181068,945.075989
6659980252883063168,0.6747454489948489,0.0149082811037583,12.861676049048269,0.0104847283256827,1.522571884896514,0.017370148,658.080566
6660032685844078336,0.8958450582151904,0.015246419885231,14.561969232280353,0.0106619690410106,1.9263309288179873,0.024666823,522.477722
6660240081225494400,0.9072059392605846,0.0158941789451713,15.104014985657628,0.0109616734259957,1.3968637659896328,0.030642446,719.429993
6660507503068123136,0.8726426009612527,0.0144168300624747,13.119570608131786,0.0101660189204928,3.5872285359436633,0.01257375,279.067139
6660771282779095168,0.9369667228719768,0.0165059709803234,14.992061015365593,0.0114444989215749,1.621781911039377,0.03130563,618.565979
6661170920897234432,2.3387460000000004,0.0143195914803951,14.451102,0.0100070695939937,15.107319449984308,0.020217022,66.1890411
6661495345546517504,0.6394294769993127,0.0152314325202893,14.09484654322629,0.0106597214261566,1.217163965732222,0.020929707,824.621277
6661786299513365632,0.7510321741139956,0.0146810444359152,14.850105083234729,0.0102308634241318,1.164199410454257,0.026470983,861.273315
6662176454341747584,0.7305639010766224,0.0147048684314578,12.073041806173014,0.0103523657656643,2.74003010773811,0.013233467,364.870941
6662463083279665664,0.7772849059506677,0.0150470121171567,11.596700190787107,0.0105765743969657,4.099988576753719,0.015794365,243.903336
6662676697772511360,0.942981960440338,0.0210995268515328,15.31483977914631,0.0142376253430056,1.0742841199940232,0.03982211,930.132324
6663037857278517632,1.973870622492717,0.0174946651040857,16.28000216742555,0.0100904460591905,5.85493734412727,0.053568233,170.872589
6663373723724004608,0.9107946309366572,0.0147155158708185,14.808504650869304,0.0102939697765397,1.2759447095392278,0.031108232,784.134644
6663570776824477696,0.772360932699629,0.0151486825224126,14.650041040920115,0.010534509981124,1.5134549205725851,0.024126234,662.400818
6663609912566892672,0.7101910420517602,0.0152531527617004,13.928960119077091,0.010688889037773,1.57410361738997,0.016651647,634.916565
6663637743955008256,0.689774897447501,0.0141509977955492,9.534375753235055,0.0100025262651369,11.814943434848873,0.018890562,84.6409149
6664011955864246656,1.008620458637795,0.0156476179999266,15.171239831392782,0.0108706395806296,1.66383647862032,0.031164313,601.898193
6664098336245870720,0.7891093933411443,0.0154444749794171,14.968928088005237,0.0107391569527791,1.1862153667992688,0.027172577,847.289429
6664696917247391104,0.8916602789780925,0.0153122118599456,14.342443949427883,0.0106583448214577,1.462246404448882,0.026829299,683.770325
6664847687780717440,1.0503476645839085,0.0156261662723597,14.726091574713568,0.0108511512266078,1.9703308881295247,0.026103633,506.880768
6665150431434479616,0.755404668320675,0.0155543971900903,13.966095607276062,0.010858531413543,1.0732520177966391,0.019862594,933.729675
6665169123132075776,1.1867492654172391,0.0161739835005763,15.27271258211671,0.0110068688279023,1.9152553296291452,0.03565484,521.64624
6665225404384894720,0.8733534730279515,0.016754338214364,15.02971290125679,0.0115935217524035,1.211672188272542,0.028662967,822.874634
6665256774826823296,1.028733071669618,0.0167719502108681,15.08271097226956,0.0116202202308599,1.3518977380121369,0.03607136,740.806396
6665428195558203392,0.7916102692629362,0.0155888864619724,14.829335269850985,0.0108383017490861,1.2431707265281875,0.026282841,807.274719
6665679159087341568,0.8283902449794154,0.015330304631145,15.14975793532387,0.0106803500953437,1.1750926307018543,0.0295386,860.143127
6665931771883516544,0.7351340491692266,0.0144147869801404,11.74053890628213,0.0101683005177891,4.161747265452436,0.016482279,240.27243
6665986781824883456,0.8001856484868375,0.0149215487688601,15.104487178344105,0.010349635050147,1.2191991757745877,0.028117612,822.894409
6666078006929984128,0.7843499240456984,0.0155921158869383,13.796599663612726,0.0109266516147266,2.2860127230276865,0.016822848,438.335419
6666118310903252224,1.330430303512302,0.0144113018308396,14.747969088308004,0.0101346915919013,2.810011781722038,0.023018908,355.55957
6666139888818879104,0.6677427954137188,0.0149544132339633,13.574400001407806,0.0105110680501359,1.4303893599688915,0.017491054,700.312744
6666246747605656064,0.8288972501481551,0.0148060489827785,13.822165562631708,0.0104068019853206,2.2075591894339195,0.01570834,453.200226
6666801554300954496,0.8651061733874467,0.016052327310208,15.347941718650596,0.0109585065627674,1.1940647788655196,0.03229277,840.161133
6666919648721830656,0.7537045127190289,0.0143590948770303,11.480293133257415,0.010121970560252,3.725141693295299,0.019587103,268.484558
6667211912656026880,0.9443510358058091,0.0149206775195436,14.886953029662914,0.0104468268264191,1.479563513810244,0.024201473,678.355408
6667309185075341056,0.65454813739746,0.0156899605882736,13.984302737061974,0.0109657830359729,1.0857752467079165,0.01883337,923.903809
6667519187499925504,0.6450987183410097,0.0145793471813486,12.242512176201108,0.0102615453509683,2.3537906842249376,0.017509792,424.95639
6668512394393558272,0.7097938300737101,0.0147905909653644,14.19085324922072,0.0103431196259295,1.0748118575654655,0.021231366,930.314697
6668830840448934656,0.8854036115919742,0.015107369260115,15.001534405680548,0.0105210937218341,1.238345088182739,0.037717003,812.350708
6668841698126350336,0.6639305859789545,0.0149118068365094,13.956503245368994,0.0104779273025856,1.27468602675508,0.027682832,785.598145
6668917117751909760,1.384600679056324,0.0141683964393324,13.032992667737144,0.0100071897993198,6.816436966828993,0.01825,146.626785
6668917117751909760,1.384600679056324,0.0141683964393324,13.032992667737144,0.0100071897993198,6.816436966828993,0.01825,146.626785
6669349397620105856,0.6279369403141833,0.0150303783308672,14.28084764263412,0.010553147060999,1.0458095497616509,0.020567745,959.039795
6669578675857435648,0.9232420329224336,0.0146220116331128,14.86490707015932,0.0102249705682168,1.7322142559825506,0.028560167,579.080505
6669657123437045248,0.6589050749604105,0.0145300533790106,13.955192416812984,0.0102356040208045,1.1639167672057098,0.020221747,856.833984
6670228697685530240,0.8755098244200966,0.0149322543439241,15.27251622873476,0.0103611432180155,1.3135153950822065,0.02873076,767.435242
6670251821789645696,0.9581076728936638,0.0150424049713118,15.01170720317942,0.0103975827590731,1.61526619349069,0.040381927,621.617981
6670304186030171136,1.0961723632002502,0.0146111586344272,14.5386261200121,0.0102509585549164,2.901365749132364,0.022318844,344.707214
6670379777454825984,1.8318189097547215,0.0142623281890809,14.726045758587109,0.0100077380781987,8.206768361039604,0.022385845,121.850502
6670414755667958528,0.8183921776553983,0.0151044682001958,13.951307610581376,0.0105743306323491,2.040154134289221,0.01979592,489.990204
6670425922582950144,0.8964151193866217,0.0152159303676949,14.650273806770084,0.0106365969079311,1.4050042053934029,0.03284853,712.285461
6670540679812225280,0.6644267135680055,0.0143355791132064,12.510240472167448,0.0101135816180763,2.9545325686555453,0.022210732,339.245026
6670570886319239296,1.4561260477053646,0.0156652797549597,15.624991345374172,0.010206994931329,2.453786970712652,0.041725893,408.141815
6670954031762082944,0.8566095803099864,0.0149627409431152,14.838135801124892,0.0103935783486655,1.5348441655966785,0.027054591,655.927185
6671130297219546112,0.893272745606182,0.0151232445757298,15.101973005528516,0.0105320064162167,1.430467534148139,0.026604071,702.322937
6671468981160927104,1.4479531897273423,0.0149461511752541,15.34629845930962,0.0101557967051464,3.1202217161853008,0.0328646,321.342438
6671639439823029632,0.8022129288132034,0.0149205062759268,14.593973724778737,0.0104444750667352,1.3221903541944613,0.024322188,756.153259
6671724170937769856,0.7404768293106022,0.0145254071231786,14.34656961580161,0.0101777797174635,1.495435430361613,0.022950467,672.209656
6671880851343046016,0.9013273848677144,0.0142039865079155,11.882631931381663,0.0100233255098176,6.52274896992824,0.015862696,153.366394
6671945619451411968,1.0580357969566108,0.0149815252307788,15.423675294912265,0.0103460127199612,1.562845658241931,0.036182687,643.832153
6671967575324352640,0.6587895944471401,0.0147818983919542,13.542528299076984,0.0103987924176385,1.187462505420246,0.017597508,840.594788
6672329830045887360,0.7908792494618401,0.0146057429394551,14.088711738076013,0.0102611842452544,1.287058726147382,0.020347612,774.508362
6672493485479952896,0.9122268282010648,0.0147567092731636,14.25073804709598,0.0103175119907361,2.022402618945734,0.020399297,494.697662
6672832100701193856,0.9095312678417202,0.0144973702211768,15.049323949944592,0.010145765900214,1.5401500084925934,0.030431246,653.480835
6672898380636739200,0.8534847911656869,0.0143918447119764,14.826811840749944,0.0100932516064713,1.637659881382653,0.026715241,610.44165
6672989811900249600,0.6659204547071983,0.0144859059104355,14.626333590227553,0.0101200105604157,1.2922739097474576,0.024616482,781.721313
6673102821079900416,0.6691380981374876,0.0145039237514924,14.113095044625856,0.010160036846609,1.1061582490448367,0.021540562,904.197754
6673596295642649344,0.9678522512441906,0.0146205873547347,15.025875852861176,0.0101994678020637,1.8477375971479704,0.027481185,541.443604
6673610211336699264,0.7749197893488599,0.0145129411928968,14.563544227109563,0.0101466921966132,1.1687347407489646,0.02705138,862.375366
6673819221624947200,1.04232802178868,0.0147277163807504,15.44419860942196,0.0102057114435272,1.6588265006060194,0.034876898,602.16333
6674381965419180800,1.4687418662719705,0.0146795498033426,14.940597608931196,0.0101743727704293,3.300314774096075,0.027485074,303.056458
6674520263366119168,0.5990622828007566,0.0144411090241916,13.91104082113752,0.0101630913180635,1.1031699602165206,0.020242624,907.463318
6674595717351786496,0.7094814141023742,0.0148384341602692,14.788381544132625,0.0103502812416445,1.0386675328471957,0.03188866,961.575012
6674717969300848896,0.770461992072726,0.0143553714562821,12.948892161611091,0.010106889596858,3.040592797593162,0.019191762,329.333557
6674764801624190720,1.6172386607641176,0.0142146998692362,14.18567923327576,0.0100116414743457,5.780070368217086,0.019370425,173.048172
6674827130189790336,1.3411449612835389,0.0151460017806092,15.019899858239013,0.010510847481886,3.310505424267589,0.0284093,301.631439
6675310502989579264,0.7475412690136041,0.0144020933197846,14.213810174943664,0.0101315482885429,1.142100409142775,0.023361022,874.847656
6675464881293751296,1.9578502408583216,0.0201714872713456,16.799202997668804,0.010613736479572,3.7345984194188206,0.08988793,270.395691
6675522124618026752,0.740107832910355,0.0148734472509475,14.966273303066028,0.0103253969892693,1.037233151544268,0.027439905,964.08197
6675885478851371264,1.0834534370838595,0.0146820823696957,14.798731631620251,0.0102018655810539,1.9355781266756733,0.02481934,517.492737
6676096069687501568,0.8642568449575707,0.0145186561152004,14.861593013732502,0.010174218455662,1.622890359139743,0.0279184,622.97345
6676257491738286080,2.06234422291916,0.0177292276793041,16.626829663155494,0.0101900904688345,2.5436303171875787,0.06719511,391.39743
6676262851857448192,0.6922290816912889,0.0146314578261429,13.290234691172946,0.0102972049506864,1.9531626058091296,0.014635576,512.263855
6676268138961733760,2.010283031407197,0.017885371136268,16.913007752494618,0.0102669410925472,2.5972188233035824,0.07994091,387.236969
6676338202763859456,1.2403109644072994,0.0145862039215315,14.791145710453652,0.0102177363628223,3.005572874548767,0.025383126,333.602966
6676503644903797888,1.2380727078955218,0.0149993484533699,15.342869182880309,0.0102174414594447,1.8297722454013523,0.039779823,548.411194
6676561987739714688,1.8642431586663168,0.0142855348567493,14.541075431447274,0.0100121821484049,6.485389665901993,0.027263165,154.201584
6676640431023679872,1.3837746106374718,0.0146382222378692,15.459407888118555,0.0102008472564565,1.9729468447762988,0.0339232,508.092865
6676683552495452032,1.4333490492501786,0.0143724769824905,14.588111975444043,0.0101009963756778,4.532479962634083,0.027876632,220.991348
6676755914103814656,0.8206900106500211,0.0146713419918124,14.693690611144952,0.0103127941292752,1.0721759693271853,0.02907997,932.010559
6676860024111303936,0.8723374226508231,0.0147338145406269,14.940419797751815,0.0102963888480979,1.6836468128194453,0.027873386,597.189026
6677122635592590464,0.8319612432065157,0.0142841689048304,13.872815391985329,0.0100676623739341,1.7801602230642397,0.022556748,561.900024
6677247189642934016,2.00915854884612,0.0158278561509016,15.952077215592224,0.0101475418932973,2.826844100041683,0.053447075,352.883698
6677410638918305408,0.8740237619861413,0.0148214143801994,15.097791140937206,0.01032754633625,1.171856946910873,0.030456912,861.623291
6677685722983642880,0.8610375031436523,0.0150027626313197,15.274030334092837,0.0104241745232816,1.29555400978962,0.037921358,777.371155
6677927512462667264,0.7481766127141845,0.0144205280503683,14.152090223805065,0.0101443248239621,1.747794580769264,0.02347345,571.895935
6678054471695291904,1.9981557528285656,0.0164055966467245,16.520708867994525,0.0101656038641604,2.6728240403874888,0.06991071,376.79718
6678099341217838976,0.9779020401622778,0.0146537385127918,14.579811156629628,0.0102543257587419,1.7284970717362749,0.027847502,579.134644
6678148514299128192,0.6054554891668154,0.0144932601508991,13.44869617906203,0.0101718325767817,1.256933917565372,0.017073562,795.39917
6678227369898805504,0.6129373997603099,0.0146064798280229,14.084037729808436,0.0102653483444819,1.1302735484563675,0.021840919,887.790283
6678292790841656960,0.700710356588034,0.0144150962388821,14.144890424571328,0.0101581431747241,1.33655921620805,0.022232914,751.904358
6678461703314961152,1.705318899221172,0.0145979476653744,15.634673003596864,0.0101000333446566,3.4831822723153594,0.03987852,286.770721
6678498399515596672,0.6711399081606184,0.0150609972997486,13.235888698640986,0.0105839941082887,1.683343128734836,0.01800875,594.867676
6678625633627228416,0.6697158674288857,0.014965159273166,13.709503635354457,0.0105215532572672,1.5383594982896291,0.01999774,649.221619
6678827359651349376,0.9311711163101692,0.0146580977795222,15.317736217357684,0.0102452924563514,1.2439628974458028,0.040034235,818.972961
6678848147292135168,0.6902238456789039,0.0146021159260542,14.452365061115389,0.0102344975096443,1.163168177107483,0.025457038,865.040039
6679079968151280256,0.940141433443684,0.0152219445181004,15.235230687620016,0.0105823947848807,1.364353974217583,0.030027505,739.013428
6679087462869715456,0.7986320820749225,0.0146823913625334,15.30386412289858,0.0102374939519193,1.196263336199828,0.028879844,850.624939
6679546268455728128,0.6857590629494197,0.0145219062530446,13.928870502825887,0.010193848491417,1.0849502346568574,0.02133978,923.033752
6679637596640457472,0.9826347411877668,0.0148561905689492,15.335399699266702,0.0103566174677441,1.1624763584539104,0.038168278,861.399048
6679760398345561984,0.7856467199775345,0.0147358974692277,15.174447593371124,0.0102409880683617,1.097144760008263,0.031364195,925.350586
6679815614445256192,0.7347707223397648,0.0146717923156063,14.399195445341585,0.0102846226417079,1.454067422293565,0.024260433,690.601074
6679846263331794432,0.7255139221691885,0.0151536523811039,14.72090053169852,0.0105667512508781,1.0029674517370462,0.026880438,1002.32202
6680089324121582208,1.0472438869974323,0.0149160251829107,14.687342636418826,0.0104434049810518,2.391959523646088,0.025920192,419.962219
6680726972145706496,0.7493872258372957,0.0149848092969451,12.854909022241229,0.0105391909892999,1.9669322984002404,0.020310784,507.859131
6681521296280552448,0.9321628304513188,0.0147499314633272,14.780624828634606,0.010336778745437,1.7669022576554665,0.029544488,568.104248
6681944097157388288,0.7743490040343249,0.0147155559980168,13.887127770419085,0.0103350802133959,1.3006779635601755,0.019094862,765.968994
6681964158948656640,0.7529746823961591,0.0147904461276193,15.16419725765271,0.0103054608188322,1.1138664612830067,0.03635071,903.03302
6682005394930673280,0.6506423682186236,0.0142364212318305,10.925162756717905,0.0100532938662242,4.71725583524757,0.020740129,212.190826
6682229691006378752,0.7494347318332641,0.0145560682259375,12.38587928430132,0.010263826404759,3.4441276994697425,0.01638203,290.423706
6682458737319008000,0.8174107707283066,0.014846139624742,14.881914753279986,0.0103871673375056,1.3284179375138607,0.030107845,756.356934
6682809550247700096,0.6213641245558794,0.0146485780415836,11.908733471609173,0.0103204206432819,2.0692763886551875,0.021380233,481.911682
6682832468193388032,0.7667969342899953,0.0147283326418402,15.221729920471688,0.0102605663035762,1.122452673609866,0.036356837,910.208069
6683260109497469952,0.7945325252837017,0.0147238139080334,15.280718596728429,0.010241070294405,1.2360311779244089,0.03512102,821.416992
6684490840966796928,1.045543057047873,0.056588333612885,16.80164744070405,0.0172564663929457,5.359405924169278,0.0501958,186.900406
6684903467064945664,0.7654831206714805,0.0149529881115601,12.660115407287648,0.0105180348028935,2.7427311062248036,0.01450095,365.116821
6685091139955754240,0.719718191845589,0.015289771839904,12.59030950693988,0.0107368365823486,1.7281927035033382,0.015322527,577.833191
6685153601663303040,0.8339206881120145,0.0145676886230991,12.19423721167162,0.0102692399841225,3.400999562044682,0.013626555,294.357697
6685185835393907712,0.6830411596569128,0.0146805710286425,13.283458159731971,0.0103108434432544,1.342467441058779,0.016539382,742.913635
6685215419128809088,0.976511046547852,0.0154403379092643,15.420767115559938,0.010436518854765,1.2131860724028354,0.03380577,826.226196
6685233492351276288,1.1045226631914336,0.0162777653310296,15.144452773021891,0.0112910531912843,1.7708123872610897,0.035487946,570.662354
6685527955309531136,1.2962913920741082,0.0151072092080293,15.042962594059254,0.0104239375591649,3.194642444962773,0.029102564,313.434143
6685631446840742528,0.6437463512286905,0.0145935607837453,13.928432109248032,0.0102450468874083,1.187238465736961,0.024925739,840.655823
6685755721717732992,0.6998527291769097,0.0147313721623683,14.192371487459036,0.010313441681903,1.292796479733568,0.023118662,774.181641
6685907076365719936,1.9320861512456595,0.0202205945259991,16.876601223566162,0.0102921980212832,2.949472085399372,0.07066031,341.05719
6686094753553117696,2.5744939999999996,0.0146894182267959,14.545602,0.0100165660083335,21.203245436858676,0.024980204,47.1679649
6686310395270927872,1.92960063506094,0.0174083359806074,16.06714393235613,0.0103946595826005,4.354003498715933,0.061565332,229.857819
6686334962484094336,0.7427639474687625,0.0153263339580864,14.97500045654444,0.0106720365540878,1.0916658517733184,0.029232858,925.464844
6686809573549932544,0.6468360151974762,0.0141959446495756,10.01571441160002,0.01003311626909,6.851187725530259,0.01839686,145.928894
6686898118596129536,0.7457737465000989,0.0149778271830903,14.254587193676944,0.0104384833249635,1.4294725604282292,0.020694146,699.674438
6686934058882615808,0.7868614761503665,0.0158766657789269,14.877996531919225,0.0110465924554585,1.2049573518188847,0.028133452,833.497681
6687327512246497920,1.742401428069166,0.0152341382655795,15.714582650718096,0.0102431440284171,2.9996086926071923,0.03639232,333.142151
6687955161589171200,1.9054845142715715,0.0154188612774372,16.35612939893528,0.0100263414670106,8.442788888524039,0.05185338,118.455826
6688084766521222016,0.8401374952687284,0.0156876205468867,14.879366438903212,0.0108737836335868,1.3029638139088449,0.029129688,771.078857
6688444547340936192,0.8123907516975052,0.0157467950188603,15.239071772613393,0.0107735336835319,1.0313174334324435,0.032696914,974.343506
6688531885498310016,0.7873398985821467,0.0152207503338419,12.710084022957176,0.0106863934743443,2.1700455489499806,0.015796298,460.714752
6688913901367757824,0.8189175102201588,0.0151865923671672,14.901216856086457,0.0104999690254743,1.1156832176103617,0.028725287,897.565979
6689267325637790464,0.7032807852607413,0.0141582378750943,10.093399526805628,0.0100062380972249,9.115198886269017,0.018041633,109.712868
6689370988968932864,0.6370220733203763,0.01554685415133,12.777628902783963,0.0108960402014124,1.914680847669556,0.021223983,521.344299
6690206927041829888,0.8963481782811447,0.0171555541199086,13.727532280057682,0.0110022427000155,2.289537453079864,0.01715829,436.785553
6690298976781058304,1.030975121310329,0.0158041752938391,14.505907604634022,0.0110118637248277,1.9136012166349787,0.021515872,520.335022
6690305569554194048,1.858935194224251,0.0216968490517473,16.60936575603616,0.0107901895111931,3.0991889227391383,0.060952544,322.791534
6691050492978247936,1.8081163566276577,0.0203990452181396,16.463281241838306,0.0129016439775651,2.381475202760708,0.065365925,421.694702
6691203496894057728,0.7454750991398847,0.0162102003462443,14.428455022327771,0.0112229563363758,1.1802167654471385,0.027921086,845.958252
6691241945440840832,1.0606874157039885,0.015638916625231,13.418899530243214,0.0109085653061123,4.393651261178774,0.015073966,227.622849
6691681612652948224,0.696553837276641,0.01663881368525,11.46236570729121,0.0116265147135888,3.894532648336598,0.026037935,256.675659
6692446632226722048,1.123879898391167,0.0151234418417017,14.560271515328402,0.0105183479522744,2.8791889535904103,0.026661308,348.126404
6692572972984937216,1.8850585754528524,0.0206446295456558,16.869243414121797,0.0114377294547461,4.100721456393731,0.079740375,244.464752
6692966044095063424,0.7089248000574294,0.014344632380702,12.572902065969275,0.0101225374251521,2.7952673485348343,0.01887242,357.367798
6693047858928838016,0.7536176812445111,0.0144493490678292,13.99967518765598,0.0101682667074869,1.616478985441949,0.020988112,618.491394
6693206635279766272,0.8233891315402542,0.0145118113622287,13.775519975266976,0.0102192987551078,1.045160728569846,0.019372841,955.577698
6693251474738397696,0.6881239461166577,0.0149710846635935,14.266925424905676,0.0104836262464623,1.1342577410276045,0.021117898,884.839172
6694240107490071296,1.0033761216042416,0.015136837495704,14.522344050716097,0.0105344541045985,1.9038062759592385,0.025799543,526.791931
6694683004517434496,2.0341613945899937,0.0153178503542758,15.780995035911632,0.01010324640576,5.5242082565002635,0.045910694,180.86972
6694837485901251072,0.9188865038332884,0.0148299631807268,15.311240441947856,0.0102713729827526,1.4900450803267762,0.03877093,674.425171
6695125179990978944,0.6733385683728783,0.0146434931839329,12.708022370329784,0.0103004498662974,2.1260463370891687,0.017968742,471.074127
6695141981902965504,0.8056034558306756,0.0145657062506472,14.76749805484359,0.0101636705523944,1.546556761503565,0.024469301,649.797485
6695243240051944704,1.0320580479893595,0.0150076352616682,14.56019115947604,0.0104139025014823,2.116111154274965,0.023637697,472.487946
6695580236068849792,0.8150246515645759,0.014732382818153,15.262806600688744,0.0102066385904424,1.100952715426384,0.032241162,912.664062
6695689538693633408,0.743809644189844,0.0144756884302312,14.329659499432898,0.0101246292457694,1.0439277890657697,0.023981132,961.828918
6695736989491988864,0.8304794074499534,0.0149870782294579,14.85908560164168,0.0103942326502356,1.3274195801867283,0.026066372,754.190918
6695808354668789760,0.7961026297000828,0.0157325518501621,14.711059822841078,0.010903473628265,1.4088938972084928,0.025318097,715.09845
6695929747624603264,0.8644448404384042,0.0159098369109494,15.296290181854484,0.0109835336768844,1.0994771740555842,0.036405057,913.590698
6696012554593694080,0.9105274462323452,0.0152937544871712,14.522306990501988,0.010665606266637,2.263065863034051,0.024355952,444.879395
6696110960884654464,1.0130298951812284,0.0169924967372492,14.218903765854698,0.0117961155566095,2.2838938451091515,0.022055224,438.518616
6696469161157846016,0.6579725871841242,0.0146301556333047,12.394126269463136,0.0102921282391172,1.848656625318793,0.01976823,541.544617
6697618185168584960,0.705264317936072,0.0152537550244948,13.82248232167448,0.0106747305715489,1.3138247443304485,0.019351587,758.457886
6697624747878874880,0.9118336321302554,0.014883835162086,14.950250694311796,0.0103559237541589,1.231509347503106,0.032435544,814.025391
6698067404388415104,0.6784904302137029,0.0152884032469678,13.881657129391312,0.0106645929704875,1.1911815258614051,0.022176912,839.016785
6698091181327468928,0.6138066753507789,0.0151004299453614,12.999721152183447,0.0106060719930633,1.2475934682439744,0.017019263,799.383362
6698143442489368448,0.7236580472601988,0.0178379137592459,13.783148291254957,0.0123791413285602,2.039274085548036,0.022706954,492.600891
6698277239310557440,0.8732869674670949,0.0154211353208546,15.21483672840566,0.0106484460331952,1.0337445763357458,0.035026614,973.508545
6698461922904456576,0.8009574859136562,0.0165777399070057,15.0311863496026,0.0114499917719345,1.3404797805077,0.033787426,755.543152
6698592352471037568,0.774851578290892,0.01514598452555,14.870824109616256,0.0104920750095355,1.2125353084013424,0.026238985,831.261292
6698764941436886272,0.9139029407266436,0.0164258166302941,14.829788869814337,0.011240772593078,1.8174607694659033,0.031098787,556.487854
6698912722671399808,0.916857278164954,0.0165338444356889,14.570012222692853,0.0114844300372304,1.445780330812891,0.02297475,691.511475
6699004257014645504,0.7949769207899958,0.0155669595459987,12.508882214293722,0.0109113043170799,2.578754829033574,0.013016581,388.045227
6699020406091731712,2.059807076780304,0.0204565716305471,16.759032519563345,0.0109700741059235,6.96134252164897,0.09031129,143.591248
669906944174671360,1.9143000530958143,0.017254251435064,16.452964806035343,0.0107575819988976,2.764992221771109,0.05993735,363.178772
6699151247974871936,0.8214074350684103,0.016344001785575,15.292526530917614,0.0112498867984707,1.1121308589956898,0.036659468,907.870483
6699188150333740032,0.782226690769315,0.0157085526979828,13.848154128370432,0.0109876293002795,1.518496356676396,0.017463518,657.745972
6699194644324312192,0.7535009955764083,0.0163574936423916,14.551991021815462,0.0113845352985306,1.2522034281985186,0.025420336,802.448425
6699297723539625472,1.6669345376158702,0.0150263076278259,14.850764954428382,0.0104319728513949,4.89738887306424,0.028898098,204.378372
6699428874661278976,0.9028331344262944,0.0170155157885696,15.292363954146118,0.0115536529829891,1.461714287473897,0.036190704,690.953613
6699623316420226304,0.6636471489655215,0.0185415886627774,12.757718996449867,0.0128300199997257,2.2736765516725637,0.014695587,439.710693
6699746358643331840,1.0074450534390496,0.0171115557826649,15.37169806940293,0.0115187108955573,1.6642996817292794,0.040346056,605.65271
6699803357152120704,0.881583713185027,0.0168492299632046,15.28075003196849,0.0113629795429901,1.2733778416317534,0.03738705,797.519714
6699967291760961664,1.0339206970258616,0.0288708093347125,13.923970578579674,0.0197323973957638,2.4715224484328715,0.024410954,404.272644
6700134795485334144,1.0889124180358336,0.0170341370814378,15.052275377313007,0.0117348473273683,1.8574670567992944,0.03514541,540.12738
6700160496569527552,0.8483626079038455,0.0180712306925504,14.685524316310254,0.0124767536214917,1.2654195526688856,0.027696643,792.030823
6700441490510200320,0.8325193635977672,0.0207630355099264,14.359224246679512,0.0141810650983094,1.292407407330092,0.025135672,775.091797
6700741244868104448,0.9579370330583856,0.019701472801441,15.20798216969265,0.0134356539351932,1.5685743817385456,0.033317085,638.427368
6701298903421651456,0.6946839481219262,0.0150051522088849,13.945954216872156,0.0105227258906791,1.3386466227292324,0.017445326,747.481323
6701343502362071552,0.6887200606486187,0.0157373794044461,14.760827343466737,0.0109710882006446,1.067659780779145,0.02870045,942.236755
6701543162504769536,0.6546578480354043,0.0152946651255243,13.321570917917516,0.0107225761090667,1.7588557977010304,0.015624317,568.085327
6702932021792827648,0.8659516356078656,0.0151970659423754,14.614790209430035,0.0106198424840305,1.5575834421720631,0.0245784,642.784546
6705870294821003392,0.9998771661833756,0.0166839580373905,14.615262680674778,0.0115483138402639,2.1542719013321907,0.027445678,465.338257
6706160943848664576,1.261360705532533,0.0160876463184521,15.119190742530671,0.0111494104161222,2.5563212145338747,0.030901153,392.582489
6706999802501661696,0.6983523818954098,0.0156841685220995,14.384912492289295,0.0109347565443932,1.138401845438529,0.020539904,879.178711
6707237228296300032,0.7572198713899604,0.0147900287457728,14.338494611444746,0.0103636233064164,1.1079872386860363,0.021857224,905.752686
6707345598912028416,0.7502965262914054,0.0156424523727097,14.613393235457432,0.0109223562579151,1.3781914229379453,0.023145491,724.957336
6708173874761059456,0.6950335098618514,0.014157407047734,10.36135764232688,0.0100084723858159,8.512653601720789,0.023924913,117.576508
6709538815370821248,0.709994002415258,0.0150670637838437,10.722592244323582,0.0106013610494591,4.580816899670633,0.016012674,218.154083
6711199009198622848,0.727257460193116,0.0152276435062429,14.06910192153116,0.0106540725173022,1.2175953945930216,0.021611465,822.080811
6711410046712339712,0.7588738192099772,0.0149471716947831,13.350475153405984,0.0104879130986465,1.6189552967867202,0.015576313,617.989075
6713022583592842624,0.8975443671970045,0.0153210669066922,14.204586820141492,0.0107142142716306,1.8172354499674297,0.023659691,551.895569
6713282476356339072,0.8957199941216324,0.0153730982037628,15.244950526300162,0.0105946099721003,1.4130969181068425,0.04745607,727.18335
6713394493400783872,1.6133123874549335,0.0152010031571803,15.224299829786789,0.0104498630166194,3.1419388163808457,0.030922722,317.542145
6713467851442076160,1.2350717366874409,0.015607333860073,14.20235478510022,0.010903810373659,4.05442460042615,0.022992127,246.791855
6713623844654178944,0.6323650340789883,0.0148985816315161,13.16723948883371,0.0104578162010014,1.2546905660501535,0.016386647,797.722961
6713678300541721088,0.6903513879768897,0.0152357670041912,13.56248385499701,0.0106829534634807,1.0886604600398335,0.016193883,917.105652
6713993310623027200,0.6812440696441672,0.0152268390321613,13.870034295276628,0.0106553395355707,1.141307763872645,0.024821093,875.862793
6714181571927929216,1.6663793352891665,0.0153475715009136,15.40793199889383,0.0102553943638147,3.4429293522268063,0.03582534,290.788269
6714318564204284672,0.7109751437298356,0.0157316138905735,14.63759017530954,0.0109477382505857,1.0533987738746209,0.027210524,957.966309
6715073516377440384,0.7865819496498845,0.0160465603372373,12.109123446183435,0.0112329143312563,4.426788468597038,0.0139279375,225.965515
6717591707242344320,0.7530165451505537,0.0172967848025274,14.888304661316676,0.011764248172504,1.078782134080301,0.03391014,939.024475
6717707533919803392,0.7619262890216413,0.0152789248070865,14.799600404450546,0.0106130715809744,1.0460918449874517,0.031834338,961.952759
6718090679362974336,1.6646754286134513,0.0245960816162267,16.415351281297852,0.0137973246782579,3.1484272873229795,0.086561166,320.960754
6718935344810711936,0.8636387663758026,0.0333295637365803,14.638061052470968,0.0226587270852558,1.6298593843493852,0.029390777,614.521423
6719014337848349312,0.8704746690144861,0.0188109736530935,14.15338806501799,0.0129251411241895,1.5240672956279386,0.026410341,658.447083
6719314401444965760,1.6902667031352014,0.0239126105872342,15.542336740372088,0.0161833294406523,4.380934503901471,0.045526978,228.696945
6719696928426718464,1.255006063922924,0.0164178190553675,15.399822807349125,0.0112533156585915,2.0655480484396875,0.03613847,485.83432
6719838009513241728,0.9096178958253992,0.0162872366647718,15.254080435366198,0.0112704685932312,1.2315781948857412,0.0340715,827.123108
6720668862347965056,0.6529306927848569,0.0152783421156546,13.682926342874705,0.0106978852884262,1.0400467194514016,0.017703094,963.341919
6720829425411136512,0.965364625820192,0.0153037672674345,15.195934428019688,0.0106167596693261,1.5145503001000375,0.034836903,680.281311
6720831040318641024,1.0808133406138778,0.0160316200184622,15.110383575652175,0.011098384350193,2.0357138240992,0.033433262,492.156708
6723559272252478592,1.9904434417628092,0.0145700707355623,14.554659926273262,0.0102141633535258,6.919914830456907,0.023196219,144.65773
6723897406450532224,1.0528907745275655,0.027457373575111,15.320382070465492,0.0186361550911828,1.197087660122471,0.038952902,845.595947
6724179461220551040,0.6715588262376806,0.0166982022176443,13.464987428333,0.0116447022681382,1.130073644841284,0.021790318,882.923462
6724261688403611392,0.8784535802134257,0.0151636793421525,15.095802224669232,0.0105672735596466,1.1514785077449778,0.03081127,878.701355
6724277425164269824,0.9902896947815832,0.0155845608081034,13.925383132403557,0.0109101044222893,2.3396297899546585,0.023445431,426.834106
6725129473668700160,0.7309353802209443,0.0153223548996286,12.40802818158432,0.0107603601302056,1.9487855154664329,0.015631553,513.383972
6725201285485040512,0.8729015998538224,0.0148965825312395,15.084234517638414,0.0104060602923153,1.450562608544488,0.028164085,702.164856
6725230907910822400,0.5731165573686836,0.0149682614097703,13.712779231873832,0.0105288393554511,1.108721031494731,0.026136689,909.414795
6725232935129996288,0.8350975401596413,0.0155975541308748,15.35082618204832,0.0107557573549137,1.2350558109940004,0.038386494,834.417053
6725302101286733184,0.7288624206595684,0.0150195412382481,14.50986462687748,0.010532071766309,1.0571119336193449,0.030037848,954.837708
6725325259753349120,0.8030703450822521,0.015159952365579,14.83534250307481,0.0105816187160235,1.3947477685489975,0.02623975,722.674744
6729270234418615552,0.7060917500344072,0.0153351327635738,11.545494607208587,0.0107624507094315,3.6702695847477,0.023441857,273.040039
6731129341085847808,2.0642448517905496,0.016394471719851,15.405495368190662,0.0112272948520475,6.828330914853888,0.03361907,146.562988
6737583405614692352,0.7222346480298711,0.0164144443423601,14.2487483348561,0.0114362518768419,1.076704419525781,0.02533475,935.088867
6737650441464644480,1.98586361612392,0.0154613509941564,15.35014032717136,0.0105449894553428,6.846749372152459,0.048320353,146.168549
6737687786202424704,0.8185983889004389,0.0160025266904912,15.01617414489696,0.0110572979676399,1.1479653812778765,0.040741537,876.641052
6738053446836812672,0.8800931071218231,0.0156810240964605,14.278073144114089,0.0108580700834664,1.7258007026468007,0.032630876,583.755249
6738166868332541056,1.641975028702375,0.0197200583283885,16.39054701124981,0.0125697327569476,1.4632580454553354,0.068678856,682.931885
6738554995935589504,0.9054957573503968,0.0160615685146084,13.806012518279571,0.0112140310960706,2.651485189348984,0.017688688,376.996155
6738810975986309120,0.85225851289988,0.0170522325475315,14.997051580334151,0.0115716420274189,1.4445602523835592,0.03623884,697.041504
6738943432777582976,1.3188614777721652,0.0208151628386752,14.697786660925516,0.0142071985394326,3.411056523964069,0.032499526,293.479462
6739576098640958208,0.8101595114498206,0.0154130404058383,13.898125006135372,0.010729464974661,1.47296560024071,0.018394599,680.988708
6740382452981282688,0.8032655532203359,0.0189641881751968,14.131596422495994,0.0130923465920864,1.6809894758621269,0.021410946,595.629211
6741017249147309824,0.6876820592922059,0.0186283544120666,14.426887892933538,0.0128215111371495,1.161894873381001,0.02729672,862.857666
6741128128022990464,1.1480354841674258,0.0179981160733264,14.562573397114038,0.0123849817161777,2.270156153608898,0.025166877,441.472015
6741258007834190080,0.637169919376187,0.0196823658316297,12.902674560261046,0.0135908908973274,1.512357473494561,0.014980166,661.31665
6741269483986848000,0.9082101538931516,0.0182526889662574,13.495481642667547,0.0126453534574771,2.2167256492315053,0.016353792,450.202942
6741415444156343552,0.9912165947546642,0.0195473325049431,15.25608426455552,0.0133648172098778,1.7438423395970717,0.035124376,577.755493
6742351570929911552,0.9786355258883253,0.0305748158441509,14.412014687471888,0.0208037886406581,2.137863689652557,0.028714268,469.367737
6742593021109158656,0.7325929106641498,0.0181900451556631,13.428566570251853,0.0125457643058599,1.6588129359481267,0.017288228,602.789062
6742755783190385280,0.7697318669903199,0.0161161806336625,14.31269584517037,0.0112024152484387,1.6078975869444585,0.027348474,622.754883
6743011522723238272,0.6568632155101902,0.0151020668967422,13.902380572730118,0.0105560452144791,1.2204319599883835,0.02069316,822.320923
6743110032092300416,1.4024230185692244,0.0156173483028454,14.60326500884048,0.0108531050501174,3.3780258483994947,0.025541268,296.596283
6743171810902781952,0.6987785366535708,0.0149641907151542,14.072019386004037,0.0104851692674728,1.3027237432026912,0.0176718,768.699097
6743287809380162048,0.9942759956258552,0.0152537292829897,13.779670698665374,0.010633132318967,2.3661244544619215,0.020501433,422.846588
6743372192597203072,0.7668200648879192,0.0157459319180533,14.263102676020743,0.0110152897365636,1.5736837809181818,0.023133898,636.891174
6743577736852263296,0.7117603191098761,0.0148955189417164,13.666660219800706,0.01044299045718,1.9101240193777775,0.018640915,523.414124
6743692013046322176,0.7518249178697571,0.016415810183567,14.770779402419464,0.011399953896769,1.1898454014066824,0.029912176,854.853394
6743956033272256768,1.702697930246804,0.016314584176376,16.662279193619195,0.0102162874203313,1.6819091725427515,0.07005115,611.735535
6744229025691664512,1.1714799117410153,0.0178225419436629,15.142385136473754,0.0122017492678555,2.1118038337334744,0.034083363,474.805969
6744683330154041344,0.9029790810815066,0.0158340843931626,12.792828656109709,0.0110854889219517,4.463798678772171,0.017412813,224.250183
6744923058047305600,0.6218187937672958,0.0167435350572454,12.254980114485225,0.0116718445972056,2.2828354420269736,0.01664502,437.696716
6745085407812520832,0.8119115447465173,0.0157399012492931,14.415230193232448,0.0109524830460457,1.5729785694039118,0.026119117,637.157776
6745248547849858688,0.8134578029930759,0.015199430186328,14.812565289495248,0.0105723584149456,1.1097324458525533,0.028917791,902.747375
6745911037966591616,0.7317692679903326,0.015900888831812,14.503275654828988,0.0110426757493443,1.4170238041901233,0.028506497,708.267151
6746092594822887296,1.362648182617244,0.0156161356155043,14.430551038946746,0.0108963552023335,4.550867489274994,0.02489772,219.630493
6746114585056265600,0.6860042946382577,0.015642664120772,13.502471059248393,0.0109345275764767,2.025966144033652,0.018093145,494.134949
6746297408928244480,0.9333889408262483,0.0162100384336559,14.78631770777702,0.0112543853383752,2.052812809898205,0.029646112,489.267639
6746535418831292928,1.8401170171985692,0.0221638389214447,16.6978003742607,0.0114639492395856,3.9932543081847367,0.06385353,251.169601
6746547311598359168,0.8214897115401287,0.0149557249555326,14.19548067894712,0.010377865031681,1.6905895240629931,0.0224589,592.226013
6746630874482286720,0.774436162365709,0.0167811741981406,14.880864675802773,0.0115212143191082,1.1095196691130085,0.030597612,905.662842
6746699662679304320,0.9131424393064452,0.0199148591767334,14.785769311411102,0.0137046556838797,1.3683311917363306,0.03232072,734.550415
6747065215934660608,0.7511951413006591,0.0169051927989469,13.98457172151627,0.0117603149515124,1.982330115504088,0.020779032,504.417542
6747415582187465856,0.7174636649283104,0.0259607417370711,10.876505991836408,0.0178319390560836,6.517723376925254,0.020995082,153.545609
6747734062602604928,0.879945071146559,0.0160979028873664,13.747572063279993,0.0111999515728162,1.852101370581685,0.018508267,537.81189
6747750314758886272,0.8705862289889577,0.0175871835297405,15.125382016155658,0.011987684945515,1.2270452415422075,0.033849336,817.070984
6747786770441821184,2.183217165685006,0.0294804274403714,16.659498607083467,0.0158930175575213,3.0659258802249805,0.08348306,324.903809
6748103120552038400,0.7640623099789325,0.0174422537372234,15.099174885165564,0.0120255819660262,1.066295121624696,0.036612786,950.235413
6748397549151476864,0.7701129495832698,0.0163677670438253,15.032594189397582,0.0112813579518081,1.1422287025961215,0.034533165,887.524902
6748463073172239616,2.0115471433881913,0.0229402034739628,16.456277769087855,0.0139208886132156,3.815348821050338,0.08197628,262.130066
6748514097383520768,1.9863036917844483,0.0301093521281521,16.205847425709273,0.0199249455807099,6.327972448672778,0.05726527,157.962143
6748603432703641088,0.7595650483364663,0.0179675419355076,13.145233571761436,0.0124733429031141,1.8637952758634249,0.01772418,537.661743
6749042790677097088,1.405004850424022,0.0195857868294775,15.145957520543716,0.0134069029642399,3.104246749543546,0.03168281,322.855988
6749216719671547264,0.8256879781832271,0.0184744493883232,15.063557493429943,0.0126497915123444,1.2132039833864852,0.032216426,829.914734
6749614635504586752,0.9515530000000004,0.0323146418054346,18.020203,0.0100939684817278,20.14140400252009,0.12951335,49.6143494
6749927553939935616,0.6967645050666224,0.0162212758449321,14.524766239703547,0.0112674395132011,1.1718638570543012,0.026171125,854.101379
6750621036539335680,0.756598159026797,0.0152213277790956,14.555439815913182,0.0106248025141853,1.119421434059379,0.024989627,894.56134
6750658999751809664,0.7437638373897524,0.0161222149129308,12.544855384262748,0.0112736007503729,3.329369960104431,0.016811185,300.683044
6750759884242461824,1.0034427168299027,0.0154167399998833,14.394553507454706,0.0107317410517699,1.9954396147349804,0.025242161,499.608948
6751219514462782720,0.7709570042661115,0.0185268029390066,14.164886526309834,0.012825007308809,1.4735425139607463,0.02148973,681.825134
6751242428109362048,0.7422308635710794,0.0168168693273117,13.612936998444509,0.0117102438174728,2.0241737061476828,0.019662222,496.053162
6751398112083848576,0.5335408727637396,0.0160302575354794,11.690030345304091,0.0112090368138243,1.915558992138815,0.015957665,521.943298
6751461991138475904,1.932108999799524,0.0267900263459455,15.731177376130326,0.0181011916165579,6.6092979527229545,0.047329865,151.371902
6751643273117393792,0.7940501276515647,0.0163555944997064,15.158520318927565,0.0111685787874612,1.090511104977692,0.03638887,933.62561
6751807890622990720,0.6643571759924902,0.0164304938715519,13.363630738155145,0.011460462555394,1.350473919232874,0.0171578,740.265564
6751838814383703808,1.75565569418296,0.0166184521396014,15.64514592181684,0.0109857551205843,3.3498461760587115,0.03839602,298.873535
6751878396806269440,0.8025250829883731,0.0162280080429637,14.995462216653332,0.011190159700991,1.102136946970769,0.03626212,915.094116
6752151488006385920,0.6773064563644835,0.0170401094349818,13.878904501383964,0.0118134186314162,1.5335203457734303,0.023615256,656.198853
6752440552189985280,0.7576500855104583,0.0154541682832189,14.278513141568409,0.0107951578682814,1.3380811527422405,0.02112184,748.72876
6752731480389490688,0.7112616763451305,0.0145396712430244,10.039966197666605,0.0102491856442836,5.617574652327496,0.030407086,177.994232
6752801368097432192,0.8326021092753846,0.018096732665974,15.121705424257334,0.0121184821093916,1.286587141799986,0.041018978,785.079102
6753239420402285824,1.5117362457486632,0.0187738698777215,14.05164278182977,0.0130195440623486,5.470388574036086,0.020975355,182.737808
6753433621644595072,0.7179820029540835,0.0172413699504305,14.145746969323904,0.0119639461944526,1.108771576609325,0.022942394,902.712158
675615677264385536,1.4783369999999998,0.033443935249259,18.312412,0.0101492057238792,28.22402685172155,0.17599252,35.3954735
6756354852245743104,0.7720033274065924,0.0147219667744943,14.391035204173852,0.0102812456028014,1.072338923142762,0.023916095,934.361938
6756474939531324032,0.9790031070614966,0.0152107538568336,13.5545829067107,0.0106460701009425,2.465175054256701,0.020151932,405.742645
6756514075273717632,0.85775251126166,0.0154220949213134,14.92945834233765,0.0107692566569404,1.311910957443159,0.031822253,771.73175
6756538161450429568,0.8841051722423143,0.0154207140199515,13.678402023968976,0.0107798250177524,3.060899381747854,0.017055051,326.377045
6756866984151418112,0.6210935110228307,0.015717646656122,10.480720367305118,0.0110170838755765,5.500616348190459,0.013916135,181.667297
6757199414618271616,0.6882256504890122,0.0157760356644173,14.182449179747774,0.0110184055745847,1.400397122897855,0.02217893,717.86676
6757381143276895360,0.7801915535091813,0.0154482366138095,14.078299335880734,0.0107707772340715,1.5844597382692809,0.021076322,632.90918
6757544695629926272,1.3182241862368491,0.0162942796637047,14.666518380002111,0.0113165881178174,2.9001066948289975,0.025192462,345.516968
6757699103991575936,1.1420554850406754,0.0158103263841916,15.324136159072864,0.0108062686018514,2.1172738250617726,0.037115898,474.697266
6757906675467279360,1.0804004920336403,0.0161792062291925,14.651083586475892,0.011277474678675,2.569140750947612,0.02661699,390.16687
6758187669402144512,1.754415697933424,0.0218526840145013,16.665672398715426,0.0127671541268085,3.5388032471424475,0.07663782,283.560303
6758196568580985216,0.8125169340924053,0.0153566041295139,13.820612046002202,0.0107376318637844,2.0445030871330037,0.021560883,488.726868
6758225705636592384,1.892090727620329,0.0158002634882315,15.605502014751671,0.0107209861351568,4.126689064616965,0.049624108,242.760941
6758342185151044480,0.8107322462695756,0.0153255056370179,14.43043418355132,0.0107041259460402,1.6426352812777292,0.024172941,610.292542
6758642244446538240,2.1164775623694254,0.0230936249063036,16.758237783800187,0.0135482533193352,4.350619805584551,0.10674409,230.857117
6758692070364366976,1.765737054934647,0.0170446898068742,16.350128797441734,0.0108782904393895,4.9402311203548885,0.054215994,202.478958
6759729833250012672,1.9576316098141904,0.0199832407730595,16.35387940712687,0.0104756437916214,5.508382472746303,0.080658056,182.045166
6759732105287973760,0.6858562155522403,0.0162419624399128,13.211398934795929,0.0113191847340162,1.6019870573283508,0.018924654,624.317688
6760100819654268928,1.0442663450767533,0.0145047719713063,11.405676666502565,0.0102265597308245,8.886810055706466,0.019305453,112.477081
6762254831643575168,1.2500301396870137,0.0167052843555492,15.391537969038872,0.0113758372417074,2.1714310031664836,0.036147166,463.189423
6764479933931871616,0.6866865036620229,0.0237310455762019,13.8786266450105,0.0163167826188094,1.214285755583341,0.022632122,822.946289
6764537933170841088,0.7780369624684329,0.015249657867491,13.871080141374318,0.0106901712303932,1.234121462354714,0.017008955,811.054382
6764557999257478656,0.8292634422394686,0.0149856296660816,13.406197375125764,0.010484885873083,2.035751279379924,0.018362975,490.926941
6764603800788980352,0.6771075492423076,0.0162269766249203,14.306263131603345,0.0112869770789728,1.150935867054089,0.024200575,866.927124
6764842463533017600,0.7280261060249502,0.0177183516773449,14.68373115170384,0.0121708082792019,1.135183190354709,0.03053043,880.738098
676670246355463296,1.938355708860028,0.0147133664718909,15.498400000703544,0.0100205091564683,3.8320206475979393,0.038496558,261.520294
6773931679479514240,0.7382417443879592,0.014857085006304,14.203797882135833,0.0104397110007055,1.0682414703214795,0.022492424,935.407898
6774081694097312128,1.0055503630638671,0.0155088581010188,15.077724146385934,0.0107867051857865,1.607113140343573,0.03271885,625.931396
6774252152759660288,0.7021966328157995,0.0145147245505214,13.352812787631148,0.0102254293734127,1.2971296514544517,0.01578393,772.547363
6774489578551337856,0.98629228071312,0.0165223146740721,15.237949009643224,0.0114765465946328,1.3433873827431448,0.03331413,748.433716
6774512496496987776,0.7227906072544484,0.0150394218109376,14.315921488193124,0.0105438616071044,1.333856676039961,0.021732962,750.969299
6774727794617521152,1.837136674345794,0.0162949998256259,16.758901009827678,0.0100852308512379,3.9964842462726913,0.07624319,253.135483
6774775211056675072,1.0320254685802377,0.0153093049690018,14.376327171210187,0.0107212430047421,1.829299983963654,0.023789005,546.864746
6775145815194358400,1.1701744765569213,0.0148988753680869,14.791565544802449,0.0104403463241827,2.2980912913323004,0.030894872,436.624207
6775558986751234816,1.1122357296193677,0.014437579760299,14.329393815180827,0.010130374291996,2.569646006904909,0.024483252,389.853485
6776824425852421376,0.7414844196130114,0.0156145051128335,14.359273105507668,0.0109130491938278,1.4333185936755135,0.023473864,698.15564
6776863149277463424,1.770038146252699,0.0146553916597979,15.721566647441596,0.0100737933136918,4.111339342972281,0.0439283,244.148209
6778281794156589696,1.4221713332301165,0.0150299473417134,15.1818373508924,0.0104819192450861,2.2059850784144706,0.036383662,453.791107
6779576331659495040,0.9515497264159376,0.0151647404136797,15.357767598407204,0.0105619171704132,1.5168295145478443,0.03642251,670.346497
6779656630368012928,0.8094337479532538,0.0155432255650142,14.692823060859846,0.010832303711992,1.6925646371318115,0.02834625,594.467896
6779780222346150528,0.6355026608132232,0.0142480656393813,11.68519592344221,0.0100632061018171,3.4261468889080047,0.017591672,292.238922
6779782696247240576,0.8599568343384977,0.0167627826671883,14.712436797319794,0.0116605468764977,1.6489029705688216,0.028186873,611.375183
6779810184038202240,0.8344840019533215,0.0151649457356125,14.096515418985888,0.010611256613176,1.5365198479045572,0.025561344,650.736023
6779866980685793408,0.601953506291434,0.0169097942527918,13.01678603260034,0.0118050052307459,1.772732557019116,0.015781654,564.002991
6779884744670584064,0.7265408228404587,0.0167878857118547,13.118614373416762,0.0117215910515227,2.124865042686075,0.017777527,469.855927
6780489510424945408,1.1789966929138296,0.0461767457416146,15.315573476293007,0.0313975677338931,2.2877546173937757,0.03583949,440.418396
6780594754303356800,0.969881142529512,0.0207952127057541,15.047975947834832,0.014298090325904,1.9426993244913997,0.032703143,513.439758
6780601179574427520,0.8160403269970552,0.0168695817971372,14.120215145280088,0.0117412514589847,1.0801872984968048,0.025441911,924.870239
6781689627366978304,0.878662610327174,0.0154376332443238,15.10964300859114,0.0107510346210966,1.5020942502727497,0.039068338,665.286987
6781788480333645184,2.0483612541520877,0.0150053870463799,15.967534811200965,0.0100135193380931,9.240243317454048,0.051918358,108.449326
6787985671464447360,0.7423743449073776,0.017348743019386,14.014569470053075,0.0120543146716796,1.297683218501395,0.026756141,768.715271
6791595879238240640,0.6140398534497458,0.0146581680738169,12.267615643757503,0.0103317887253964,1.765662481226947,0.01549689,565.02301
6791753422935694336,1.3153454037387018,0.0144777989916115,15.16970904975747,0.0101097255682254,3.141605397696663,0.034458738,321.781677
6791846091150329984,0.7710379300561911,0.0145339130118017,14.37679740633011,0.0101866784606088,1.6555118040087191,0.020789629,605.787476
6791848874289173504,1.9121482442543123,0.0156407751956807,16.11072817849068,0.0101138336118077,4.111602272982615,0.04525567,243.827744
6792430103624043008,0.9697365919483872,0.0168351521874845,14.54081795653094,0.0117311874167562,1.520101235279925,0.025514891,660.307861
6792450547668594304,1.261339437829831,0.0143972526823981,13.364704015611954,0.0101582777550633,4.9224887278395295,0.016119266,203.235764
6792518133273954432,0.7889450515760287,0.0152316920529172,14.884914023470913,0.0106708009373298,1.2596291480180302,0.026964834,798.347412
6792660893689043584,0.8046956886549811,0.0149000383444527,15.333816698181064,0.010309926347007,1.068757869451234,0.034922514,939.250488
6792880594152769792,0.8380624876185326,0.0163933377670887,15.2730647015279,0.0113295266595408,1.0529994107043708,0.030535676,956.798523
6792907734050873216,1.314937712395095,0.015290626651088,15.590175162420651,0.0105293512757091,2.375601396535491,0.04134595,424.527893
6792930243974651520,0.726919591375327,0.0161693709801938,14.819178028075385,0.011187908273717,1.055338021126526,0.027979685,956.588013
6793111422875533184,0.683889081158552,0.0154866504659679,13.974881617515976,0.0108324964874983,1.0615304829569645,0.019329028,941.343933
6793698871322423424,0.6322530365327472,0.014993220744809,14.020690999574668,0.010529618747851,1.212134649601646,0.019834623,827.465393
6793990929098911488,1.113530863218243,0.0281692007522253,14.531836113993206,0.0137666247505252,2.3809982036847215,0.02356354,420.627533
6794004707353977856,1.631157672014072,0.014400712796437,14.368067823775068,0.0101105499176662,6.295275793363011,0.023876214,158.815842
6794414550313352448,0.6535259735104436,0.0722348125863472,16.905688431234235,0.0196556524394918,3.9340997383249983,0.07544311,254.365219
6794569272215361920,0.6322652757430955,0.0154073161852165,13.00011308368354,0.0108038924869495,1.4201036395270512,0.017490685,705.383118
6794827520008803072,0.7529311660010708,0.0148336023015632,14.07019536313522,0.0104141189108908,1.1969904572208137,0.019059833,836.494873
6795038076486104320,0.6393731234344041,0.0144013341602943,9.807107066318991,0.0101697675374913,6.932209228110038,0.023019768,144.279755
6795120505497862656,1.8144453806404623,0.0151883044140586,15.839202918463254,0.0104180003840017,4.62442703417739,0.042837653,216.329773
6795615491889181056,0.93349290396547,0.0171779439340597,15.16287169789045,0.011910512163256,1.5037509994693044,0.03382523,669.765747
6795709225255220736,0.6717928444044461,0.0159341259151829,13.433748011465154,0.0111559012510987,1.5226571998694665,0.017383307,657.188477
6796313063296744576,1.1299821571760598,0.0160598108431624,14.967976665888402,0.0109208576424369,2.5797910012980583,0.028055951,389.597656
6796638037703012096,0.7811763208502638,0.0162520570742799,15.082984461624354,0.0112702375398912,1.0993228037177505,0.03142652,916.410828
6796692188651023872,0.8436261911227592,0.0154550445890928,14.50011707214493,0.0108175164129279,1.3775580442503916,0.021281289,726.064636
6796990809136417664,1.6767278481673722,0.0161682752870791,15.658929932697472,0.0106051998900135,3.20426732699946,0.04351847,312.467834
6797102890602961536,0.8428412730793317,0.0145129957977665,12.213843294091022,0.0102317932339183,4.915048345134597,0.014934359,203.531403
6797262835185101056,0.7777265592334276,0.0162024208101076,14.46384473906822,0.0112865513053786,1.1398105937074992,0.022807416,883.329285
6797333925484044416,0.8887207053211952,0.0150846549448538,14.93260082203008,0.0104867088349415,1.4370022345621107,0.026344026,698.054016
6797355572118929024,0.7798070703554801,0.017466446562441,13.312787504867972,0.0121461087710228,1.9832616388246376,0.017379805,503.240173
6797399552584183424,0.8628316143629793,0.0144787014754885,13.367284585308452,0.01019665165617,2.971699332486257,0.01953745,336.516479
6797435080553501056,0.7737665146697639,0.0160265438906125,13.876348515918751,0.0112015405178418,1.2922520990312685,0.018820042,771.980408
6797956558302553344,0.7781717364104939,0.0151474528819294,14.87940361750092,0.0104411165020849,1.3860374355410483,0.025559245,728.230652
6798096746035193984,0.9980597575475212,0.0147055696335872,13.532173209939454,0.010325129074856,3.726825987185876,0.020897683,268.786896
6798443298356999936,0.937519346146655,0.0148666501914545,15.0150607290792,0.0103844222551136,1.649022967347768,0.025547856,607.756714
6798595134041533440,1.5917270525219291,0.0148621087033299,15.359779441742862,0.0103630857864184,3.616582390442257,0.03346248,276.949799
6798915435521583104,0.81259534988463,0.0198073923587195,14.68187812847209,0.0136603684658174,1.398942839538321,0.025170892,714.664062
6799073627757116160,1.0297288262277948,0.0161918733109595,15.240958820565936,0.0112431827449706,1.2562523853952072,0.034347948,800.355835
6799560780128557440,0.8555765605259535,0.0149392944826354,14.82959203693699,0.0104593073096368,1.5592985790035243,0.027966037,646.955505
6799625994911314176,0.9102871724576214,0.0148961244567169,15.384984334307658,0.0103344790152678,1.331422852499256,0.061184034,764.532715
6799649737490520192,1.1452092840210295,0.0146910925487537,15.049205026858576,0.0102420176842949,1.7278246013930616,0.037488542,581.042969
6799791299613395968,0.8804618333786602,0.0150056219652884,15.075194274904996,0.0104709919191927,1.2691793931069657,0.032459226,791.236206
6800141116108737280,0.7790859535645892,0.0155481229037119,13.436112344703291,0.0108962189160764,2.3339580074839517,0.01601323,429.066528
6800187639194677376,0.8860231092085573,0.0152707334467111,14.802322942289472,0.0106840784360309,1.1570036678965772,0.027468711,864.803772
6800191899802121856,1.0425102447214163,0.0148990362006481,15.361457433620334,0.0103312086556174,1.5018663313095195,0.034001194,671.336182
6804959622738878976,1.8823342008398145,0.0157943474766475,15.854979843735142,0.0108042600848599,4.207631791643109,0.04297425,237.863113
6805016728624148096,0.7863129074736682,0.0205050954231901,14.156697055682136,0.0141738920785018,1.728736086977616,0.019453434,578.841431
6805031125354486912,0.6334392687243554,0.0160337021608548,13.556804973422558,0.0112174642162309,1.2211692114223316,0.016834326,820.579163
6805243468537318784,0.7613787037582019,0.0156846373898969,14.918763351731773,0.0109143646938915,1.196567990119829,0.027299693,840.654968
6806310991248592768,0.7411779896536913,0.0154768699352025,13.945661997183445,0.0108532818926781,1.2182359042509143,0.024537232,820.783508
6809457067674951552,0.7667832738063675,0.0148505308975329,14.97789909451144,0.0103923344148791,1.3646526699495047,0.03320043,743.438721
6809503457616792064,0.7846131220522189,0.0152325008418623,14.996137109683294,0.0106428333555194,1.2271348052060798,0.030650482,820.478027
6809920275602902784,0.695180497476455,0.0146996531041085,13.431472711886013,0.0103097126071389,1.4716686301462438,0.016689649,678.034668
6809983974262371456,0.7905958407176396,0.0146713598126125,13.16894686761796,0.0103383299299359,1.1284497215004494,0.014732879,886.789124
6811573975451036160,0.7359387375876556,0.0147384823569727,12.938747737183196,0.0103782407006407,1.855602823798623,0.023306163,538.787354
6812083491716084736,0.7819112296060303,0.0146332818945619,14.54232029094227,0.0102923173493351,1.2653263010898264,0.023335308,795.466431
6812451420089433600,0.8791517833215073,0.0150262137182614,14.565426104214696,0.010520247924226,1.56363905971185,0.028010681,643.155884
6812801683262674304,0.6873240666896524,0.0147528787578479,14.04325956081873,0.0103395691419872,1.537788303847181,0.0188124,651.754639
6812965647933717760,0.8472956602923283,0.0149141861436259,15.117432716635951,0.0103916899768698,1.4006957141494607,0.03472697,718.212952
6813492481507166208,1.0095786579771115,0.0169433363168886,15.38813445071172,0.0116556814312113,1.656436928516134,0.038863502,608.2146
6816824246552965248,1.8925687385186432,0.0164116745694019,16.680035255910916,0.0100964327628239,4.932510282517499,0.065863155,203.636169
6817159494520096896,1.2005626772532016,0.0154567315480377,15.458649615866284,0.0107091618257915,1.5925280308620235,0.04074444,631.082458
681857536056824704,2.4667969999999997,0.0144576363813828,14.080989,0.0100155913496173,29.48171210031021,0.02365479,33.9239388
6818583907538523264,0.9437623834421552,0.0148907020380173,14.818198165946391,0.0103680094995311,1.8356659843608505,0.02970453,547.168823
6818801031020500224,0.7187960878210428,0.0148211016751144,14.58742541959032,0.0103469953634463,1.1195954570367197,0.025616737,895.379211
6818888747137104896,1.857524306639968,0.0197594760762474,16.874784170554324,0.0111140625081178,2.4437511279548487,0.07130458,413.359955
6818957264750548608,1.361756989332414,0.0143446484458758,13.925183807707688,0.0101089048235275,4.309255702381463,0.016842363,232.159042
6818970248436648320,1.2073225215709538,0.0143842255270533,14.237575161064122,0.0101049702798719,4.180531507159882,0.019997673,239.494156
6819004986131809280,0.7394173043446287,0.0143555212688924,12.737978455515524,0.0101148082263254,3.1166670487573276,0.017859848,320.298279
6819204826665458176,0.9471107101850896,0.0150161817916102,14.639564761104204,0.010438718229849,2.050764932685624,0.024680117,488.593323
6819308283837643264,0.8626005637197036,0.014564917891032,13.95650779848631,0.0102392127254668,2.457129891540866,0.018212833,407.623291
6819314915267159808,1.8427685385845949,0.0155406739422875,16.204133162090177,0.0101943751562298,3.709046879275507,0.053180315,270.323151
6819763477356219136,0.7176974845219326,0.0147956643605859,13.023389269461996,0.0104105841744701,1.27945963996964,0.014595966,780.440308
6819763481651786624,0.8509803885974481,0.0150737604860381,15.07588207410021,0.0104361115285148,1.3367604995986595,0.029511973,752.965942
6820271662182263040,0.7737289318091716,0.0158274698260269,14.95710948958217,0.0109992974541648,1.2173935485036085,0.029740257,827.673767
6820653811192524032,2.5821005901489875,0.0189290337466343,15.931832887718038,0.0100213677674057,9.92580042882092,0.044667456,100.988686
6820791628102831872,0.8293393887140577,0.0148477262252147,14.792583548899252,0.0103052029260204,1.4747518384685632,0.033423707,685.832764
6820873399984775296,0.7279216631239877,0.0147285303848557,15.225848801948734,0.0101979869262838,1.0363136011543757,0.030609284,979.650574
6821115223823403008,0.8048356799526274,0.0151705717860941,14.610360054437344,0.0105927219450361,1.0609725352757005,0.023724454,942.740051
6821281907209622656,1.2292410146256412,0.0147281715962523,14.890261238594746,0.0102792745481051,3.167917975558361,0.024481632,316.036499
6821686699287330048,0.8154278586730528,0.0146817822607255,15.224387963663531,0.0102578766286531,1.179386240254076,0.030879118,856.425232
6822478931774835840,0.8495341212102862,0.0147419430308548,15.023077212191076,0.0103022780292106,1.4176565560774794,0.038864646,715.389648
6822806586240091264,2.0553501958598925,0.020775015353724,16.969615333010786,0.0102167613645289,4.446768190205827,0.08423477,225.889328
6823312739545978112,0.7350208833359739,0.0149835931388069,13.270473629423927,0.0105230271499223,2.177836018391539,0.021081083,459.120209
6823390079021855872,0.6665386725046843,0.014455042822583,13.92559273754527,0.0101665680169478,1.1112101778899786,0.02083761,901.172913
6823683515482771200,2.3918429999999997,0.0142592976825359,13.233308,0.010010427260696,28.842051150733756,0.022944983,34.6670647
6824017247326727040,0.769566979028199,0.0146484276727601,14.910430604003023,0.0102628650550726,1.3814792877264537,0.030944517,732.974548
6827204559736165888,0.7075130721038689,0.0146595228566816,11.541420843559209,0.0103265636373761,3.7272816779999687,0.020094907,268.711151
6827366226600713344,0.7945498008531424,0.0146522356120523,12.501643296302978,0.0103216111238071,2.9662311202297715,0.016132118,336.85379
6840463948412655616,0.7743114904278687,0.0142196993139273,10.438059474449368,0.0100415399995758,6.744229322590902,0.016673634,148.202057
6845657152286873984,0.742604414872576,0.0150580704129017,14.471074025022912,0.0105216681367146,1.3483363763714036,0.024092557,740.751831
6845672854687065984,0.8383262161665374,0.01560270396722,12.867939422652295,0.0109352531139656,3.879730222101251,0.018896393,258.10199
6845715701280945792,0.7283987352293982,0.0159075850472468,14.107520825898291,0.0111000434862573,1.0623023457408831,0.019340947,943.03949
6845729445176446464,1.301951112021348,0.0155443028535106,14.733619582045629,0.0108288856078388,3.2325263917433147,0.03029756,309.787323
6845742879834092928,0.6877431120662447,0.0158556855309271,13.950578649928003,0.0110804958535037,1.0659126358908737,0.021178212,935.059021
6845775624664773120,0.7887684170733187,0.0164301784344907,14.469855698718762,0.0114400618073888,1.6123550379491218,0.024479909,621.930176
6845851490967467008,1.9958564997831365,0.0231183098040211,16.814731303459794,0.0114229385533278,2.5603811683443034,0.082649305,395.252258
6845936359520902912,0.7016865127248373,0.0154740289209889,13.14129045167045,0.010849229226885,1.3846200440594365,0.015332457,719.794006
6846132587986288768,0.7613573008428252,0.0151551749776384,15.166708701852276,0.0105412178196937,1.1348686518688276,0.032923665,896.473694
6846297995767508352,0.7488514399961825,0.0150748029872702,14.149456666239685,0.0105574911441999,1.4729979213338418,0.020971885,678.013306
6846877747633100672,0.7580214505106025,0.0165709463891906,14.3823896379004,0.0115224164790406,1.4671118569852408,0.026113134,683.085693
6846888570950399104,0.981539750285216,0.0173218394599029,14.789634984201054,0.0120079810839792,1.6002692636838287,0.029464273,626.504456
6847120808421940608,0.8523281744675414,0.0187556884944609,14.589296818776972,0.0129681127702494,1.7267470743402396,0.026122142,581.596008
6847898163143999360,1.8026248704031511,0.0156885519322838,16.03181667251353,0.0104905935316128,4.5613673171047955,0.050592158,220.517868
6848290345198191232,0.6736952255520081,0.0146840169976254,14.105864556805168,0.0103187556712386,1.3632566355459057,0.023515971,735.784302
6848383460088406784,0.7856764959479895,0.0159197453635084,15.220206915987806,0.0110682694560952,1.136572009757645,0.034604374,890.341797
6850000528157100288,0.6561001142927467,0.0158222636441867,12.374280637232388,0.0110813197639399,2.5383630285261485,0.014190533,394.354675
6859076107589173120,0.7618170000000006,0.0141541197738614,8.495108,0.0100030044894223,20.88863354413016,0.0230121,47.881813
6875432476922523520,1.214703,0.0490293908203361,18.336264,0.0101453519366274,26.443629099614657,0.16156611,37.8594856
6882393725554653056,2.105436000000001,0.0141889950337261,10.623923,0.0100053309676149,54.66150967387142,0.017101696,18.2952118
6885776098199761024,2.1156509999999997,0.0141823369710393,10.027026,0.010009162281205,84.48361520948495,0.025683865,11.8361101
6891048806210347008,0.8172182857586809,0.0146760792236127,12.062501303785956,0.0103406173417041,4.12551544396308,0.014076017,242.562256
689795494613436160,0.7738794984641916,0.0142651337718896,11.761150620552655,0.010076504030161,4.649633671213899,0.026197566,214.669113
6901124009215148672,1.0169528069726264,0.0141565903043265,10.46178218934964,0.0100022225667815,13.184366807752992,0.014259148,75.8702621
690394247414548224,2.1198071457700314,0.0147964815626554,15.870712743371802,0.0100188357146181,6.376077951633303,0.03939891,156.603119
690434757546097024,0.9821541103020992,0.014831990937042,15.11307661992338,0.0103360047452883,1.4011670257224582,0.03343501,716.495117
690768974721281408,0.7626149354620001,0.0142697781260499,11.958717620047262,0.0100746690418871,3.2511008110922828,0.019147817,307.555267
6910231946927487104,0.8582638176634323,0.0171262804632109,16.576686789676632,0.0104021954599689,1.4464702037188042,0.06271642,716.995361
6911950900211768704,0.7771308294627993,0.113792702242248,16.413892027714645,0.0297455001386997,5.26731135247209,0.04574113,189.862442
692249600270358144,0.9764248569779792,0.0142798184991907,13.549248395049942,0.0100716440944004,3.84014181960073,0.02155613,260.80481
692670545721191552,0.7521842287069254,0.0142068355787301,11.705438688740347,0.0100388133177353,4.4054100614009775,0.026690913,226.849258
696959568782960640,0.8662693361347917,0.0141967587271147,12.1762245743592,0.0100206791625338,6.032862915667854,0.019571878,165.830185
699731192781474688,0.8604015468537983,0.0141550150530104,11.025278717839338,0.0100046237478782,7.218149102683765,0.024520557,138.499008
706368639537650432,0.6702965008053793,0.0142932840278977,12.049340857470808,0.010092946849608,2.14001432391808,0.018187957,467.209259
707558719138851456,0.789176723660877,0.0141844577840866,11.039889711787968,0.0100191335929043,5.0239393868575295,0.01684953,199.038605
709009219790375552,0.7271747579782033,0.0142659201079332,11.790215479527369,0.010066866309686,3.495648004862504,0.015677428,286.304596
709502140300681856,0.7517654266362996,0.0142537213285111,12.115855011176851,0.0100678476835317,2.853774098263404,0.017350385,350.366028
709742731486683520,1.0000963612797864,0.0141513842474711,11.585198726512717,0.0100065262679151,7.632633001186244,0.016984213,130.889175
715327906957171200,0.7282556730043059,0.0141495609044818,9.393713341405324,0.0100023878506902,9.06821115801625,0.016774835,110.261986
716343924420734976,2.3122860000000003,0.0142143313184099,13.738239,0.0100043329464889,29.12651127470134,0.0182045,34.338501
719313705327385088,0.7340144466194332,0.0141582388349686,11.442712214001778,0.0100114802569914,6.085464505959873,0.02624203,164.301971
719519279641998336,0.5453193958683041,0.0144447678923974,11.2693975916225,0.0101959519041821,2.190744015174361,0.02364252,456.472198
719675474715955456,0.6151526693509426,0.0142552843726299,11.035804752101438,0.0100686289220657,3.857937508646396,0.021660933,258.882721
719851156058379776,0.7812337897064628,0.0143986200973127,12.2150994093908,0.0101633913355518,2.9349679418239027,0.014635343,340.974823
724616061496025984,0.7579684670702926,0.0270992672796207,17.92491239350717,0.0101902983874818,4.953767209926373,0.13658777,203.269562
725080884331775872,1.90608884453525,0.0149568890208676,14.935474666678724,0.0100282678998302,8.47978841477128,0.033049136,117.871414
728501224487920896,1.93831662605142,0.0141738801596372,13.69090995388516,0.0100053855363606,10.83593207851019,0.016386922,92.2850418
731253779217024640,0.7485856187330279,0.0141574082677252,10.10114695443186,0.0100037984590505,11.40221053962014,0.019476738,87.710022
731374042212896384,1.9335296695093136,0.0150351195110249,15.582206881943948,0.0100109462614047,10.92841788876247,0.035197195,91.4299088
738138821862132224,2.3951090000000015,0.0149823862900637,15.715738,0.0100231816941904,14.81200974275148,0.04245421,67.5325775
740483560857296768,1.702757,0.0161952777274203,16.546818,0.0103055423751901,67.91176334391845,0.057067357,14.7257061
742602976510136832,1.817001999999999,0.014232111272322,14.061952,0.0100040565977494,14.59470291149504,0.022178141,68.5324249
746572522723948672,2.0259970000000003,0.0141876701320058,11.071167,0.0100048729997389,36.39350271872472,0.029946713,27.4744587
757081654862159360,1.8299459999999996,0.0142108489745455,12.418576,0.0100061162669216,17.137819353669254,0.017998569,58.3565178
761871677268717952,0.6403078770474591,0.0141595890512681,9.652207537507133,0.0100105401372294,7.30584715014727,0.021450479,136.934555
763223007123548416,0.6736413265461118,0.0142088795254616,11.61434214078664,0.0100381618179792,2.5762048277930467,0.019664789,387.714081
765392347860338560,0.7161049406921818,0.0141873290661175,11.837091545293294,0.0100169051042349,3.491345158090218,0.020359842,286.100342
767616793027391104,0.982509926776093,0.01417137185792,10.966586535656994,0.0100057348755078,10.8324968361132,0.016734907,92.3348541
77174794168693888,2.1032806978915786,0.0144886030674075,14.894492505173016,0.0100310082916238,8.951388290544626,0.028862718,111.742554
772255155844015104,1.9459129999999991,0.0142964543130648,14.468245,0.0100044012203169,15.043716701545351,0.021836372,66.4855347
776750509133973376,1.8064811309650888,0.0148284852514874,15.760139463272289,0.0100093407016485,9.119840339245032,0.03654136,109.624741
780505581860785152,0.8565728207523239,0.0142017497423998,13.045605459015944,0.010029133124132,3.590583056645627,0.013587295,278.565308
782265590739721856,1.1347036768420382,0.0141697352755221,13.551149836630431,0.0100029473858747,5.1875184843190025,0.01669368,192.918289
783921244796958208,0.6324559858172152,0.0230206968919559,16.24084120050795,0.0103233166626517,10.146178923140384,0.053618286,98.687706
78649033103283584,1.1711980000000004,0.0263168568338445,17.806475,0.0101111626116979,31.012526068034504,0.113236524,32.3024025
786724144758663296,2.4330688022020106,0.016424802620872,16.61312214996946,0.010025306005426,5.220522250215525,0.052231018,191.308945
786852821978233088,0.5988978105837759,0.0144247161706606,14.298896345158836,0.0101447297696802,1.0439898941660013,0.020030651,964.243164
786930749862893568,1.931921862797367,0.0144254493251832,15.737738565973666,0.0100113888902452,11.243849077236169,0.03088451,88.9676819
791249665893533568,0.795084029053597,0.014146987617416,9.731808864221035,0.0100014334388057,14.183327813026578,0.015326934,70.5223846
794517070853477120,0.7316623796463011,0.014167873320448,11.000344701067627,0.0100108308879873,6.9809089457165445,0.020307155,143.288925
797416620453215872,0.7932165946550083,0.0141493057295613,10.33510260334819,0.0100036726663478,7.988941558191094,0.025094213,125.143761
797694006620795136,0.7951781026950862,0.014157377472404,10.88954730030611,0.010004826448139,4.663037377051775,0.017064497,214.334885
800701823758272768,0.6935773869046744,0.0141608669231198,11.132352158033388,0.0100098971354613,4.430259760608148,0.023022747,225.581299
804317189795024896,0.7119874808285317,0.0141832509386056,12.045052678870972,0.0100227970816997,3.2205944573461864,0.015980737,310.33252
806141039062154240,1.052158955196655,0.0141909492215056,13.56073668196165,0.0100088215413934,4.30638760009649,0.015400027,232.517456
808049000973287552,2.201083000000001,0.0142221397000526,13.951961,0.0100035505891494,16.97331991997373,0.017193666,58.9054794
811671445109664896,0.927349455075141,0.0141598958115147,11.218423017080598,0.0100050695986591,8.326203357974121,0.017249104,120.087395
812556208374133376,0.8937890946761322,0.014144842314983,10.025922977480556,0.010002833298772,11.373810381814245,0.02196638,87.9431
825865968425700992,0.9239080787092993,0.0141751122128769,12.948293066832052,0.0100090248081394,4.807414251801862,0.01917233,208.136017
83041066660131072,2.3153869999999994,0.0142512268476264,13.959662,0.0100143017024731,31.406042106337377,0.022966282,31.8369484
833493795983661312,1.0245989126930624,0.014178109064085,12.961790852578272,0.0100054278008574,5.133655253001841,0.015806792,194.924973
833961878698567296,2.7254380000000005,0.014507967845214,14.678064,0.010011857460587,25.159792266033502,0.025655428,39.7383919
836452169457846272,1.990058706119332,0.0152456160211314,16.815593288445893,0.010039416021699,3.0895262881199477,0.05447462,326.25174
851906183342519680,0.7858605183120843,0.0141771196286121,11.626745215371026,0.0100198892049706,3.902571882921297,0.01765279,256.307922
859141966285377408,0.8660618975146598,0.0141636447668414,11.201239632297982,0.0100097958567903,8.235374057524858,0.018178347,121.406708
859888294162262528,2.020765000000001,0.0142605704519281,14.545069,0.0100039034208734,15.843436772249229,0.016116655,63.1089821
868202904171428864,0.7918859113235457,0.0141681880993998,10.597002360857816,0.0100114099073837,6.293555312698683,0.016495828,158.790512
869598317570008448,2.3206299999999995,0.0146874302216291,14.529578,0.010017346916237,21.972804254705338,0.027623482,45.5105019
880495478530513920,0.8608359999999999,0.0141700559295422,8.093727,0.0100037049938406,36.60245752881919,0.024013,27.3243828
881473425402476800,1.831775086572492,0.0143792228042817,13.979259107277716,0.0100035086278481,13.398500672317944,0.016181637,74.6379623
882581561324778240,0.6634746942075692,0.0142023019637689,11.250528440023665,0.0100385064114762,4.538529847664839,0.024947954,220.031296
895942689187551616,1.0823549999999995,0.0141541673284758,9.8967705,0.0100008412994173,17.344307091563014,0.017084792,57.6658096
902084904736913152,1.1268897940111662,0.0141575958840032,12.032079466040702,0.0100027457707893,9.271101586832518,0.011727638,107.852028
904122815179378560,1.2446573081542174,0.0141720955403291,12.61235998821714,0.0100037278166244,8.382042603830692,0.017263405,119.277939
916277400827964544,0.5350777504877297,0.0146728756905389,15.802004966428134,0.0100418317116238,8.07433819922954,0.05214589,123.832726
927729845222991744,0.905700654855883,0.0141698067333969,11.552923587606031,0.0100083964371068,6.089878224270799,0.01720208,164.254028
929518681922118400,0.7655262683413259,0.0154131068272363,12.333413662763451,0.0108233620467207,2.1262421439431556,0.015939059,468.166962
929934572195637376,2.3574906631614283,0.0190711715122382,16.362858797177648,0.0100318948109094,8.80005791742973,0.061899718,113.626839
932175033295244544,0.6092973715561596,0.0148586426556893,10.795572445902687,0.0104608199641678,3.5737322275470604,0.017025173,279.733459
932820785922327936,0.7286317801909797,0.0147259849884511,12.229417052229255,0.010369634707274,4.043992859645514,0.015238005,247.371155
932901256951424,0.693025258888973,0.0184125998500429,12.096373630177723,0.0127859292185005,2.3698321540184653,0.015494826,421.240051
933230976774718976,0.7717355449650182,0.0149464892782704,11.921703740865372,0.0105106090875143,2.87311388407402,0.014401734,348.004791
935181372963296896,0.8274303939296356,0.0156950919175138,13.216643723512066,0.0110004938843653,3.2913532915581496,0.016074616,303.829315
935766794186144768,0.7780459077049582,0.0147665385031071,12.538747351523517,0.0103871285392722,1.62396501115199,0.014965564,615.523926
941462126980542336,2.4821100000000005,0.0143332766289876,13.706062,0.0100112448532744,25.082955245555084,0.016813494,39.8726654
950407375625685248,0.8256758026043354,0.0149412497204951,12.256537782699326,0.0105028755758019,3.722087313059516,0.013662438,268.75296
954894242059255040,1.880853078582956,0.0145317532705538,14.754718987898189,0.0100055591684725,13.654030697803988,0.025359089,73.2080612
960475393146519296,0.911668083665056,0.0152456475445975,12.041356876541716,0.0107118243054225,5.884738203630805,0.013743852,170.007324
96871338093874048,0.7903360673380437,0.016207622719764,11.807062014841929,0.0113310330796612,3.63825285438616,0.015814062,274.877228
968783303006344320,0.7661518074566879,0.0147894992659587,12.130486920298614,0.0104010902330538,2.1353799470847417,0.013407957,468.255035
971279400560262400,0.8235701621991455,0.0141618842091005,11.155652384927668,0.0100075821728224,7.767295323816584,0.018320732,128.782074
974519837422814336,2.0862050000000014,0.0143087344261534,14.678131,0.0100057192326874,20.800388147702044,0.02230017,48.0817642
984374343528997632,1.8910108920004856,0.014725215970896,15.30486239416073,0.0100135347822147,11.943350231020172,0.033253238,83.7484436
984416610302221824,2.3024795728238123,0.0156734350927069,15.350776694813527,0.0100159502012949,11.757797865505912,0.03183552,85.0459824
984532162102824576,0.9267466403557828,0.014156735653224,11.829156845619158,0.0100028478512128,7.946838366854972,0.014802316,125.804741
989945504523396480,2.230319883109077,0.0147313039720305,15.071253166520728,0.0100124922314111,13.300926690000876,0.029367538,75.2195129
99115961017759616,1.0193744229355712,0.0220442202111436,11.857433523477397,0.0151961029324515,4.487508174590412,0.01847199,222.68486
99941316293262976,0.8139080000000014,0.0141603194364161,8.900561,0.010002507738239,15.96964090071168,0.019209187,62.6110954
